1,2,42
1,3,85
1,4,16
1,5,12
1,6,80
1,7,52
1,8,45
1,9,13
1,10,71
1,11,63
1,12,10
1,13,69
1,14,2
1,15,85
1,16,19
1,17,48
1,18,14
1,19,42
1,20,91
1,21,43
1,22,20
1,23,7
1,24,68
1,25,97
1,26,59
1,27,64
1,28,70
1,29,82
1,30,49
1,31,3
1,32,13
1,33,61
1,34,67
1,35,8
1,36,84
1,37,32
1,38,28
1,39,86
1,40,34
1,41,28
1,42,17
1,43,38
1,44,49
1,45,55
1,46,26
1,47,22
1,48,68
1,49,81
1,50,40
2,3,79
2,4,95
2,5,63
2,6,8
2,7,85
2,8,26
2,9,90
2,10,34
2,11,12
2,12,50
2,13,6
2,14,92
2,15,30
2,16,9
2,17,49
2,18,84
2,19,98
2,20,29
2,21,6
2,22,94
2,23,92
2,24,60
2,25,66
2,26,16
2,27,84
2,28,40
2,29,67
2,30,12
2,31,2
2,32,85
2,33,85
2,34,66
2,35,21
2,36,46
2,37,13
2,38,81
2,39,27
2,40,53
2,41,11
2,42,85
2,43,13
2,44,89
2,45,63
2,46,64
2,47,91
2,48,55
2,49,2
2,50,92
3,4,93
3,5,1
3,6,16
3,7,5
3,8,85
3,9,63
3,10,97
3,11,89
3,12,42
3,13,41
3,14,72
3,15,95
3,16,98
3,17,94
3,18,44
3,19,1
3,20,2
3,21,81
3,22,72
3,23,87
3,24,81
3,25,34
3,26,22
3,27,69
3,28,84
3,29,20
3,30,45
3,31,64
3,32,32
3,33,90
3,34,52
3,35,90
3,36,19
3,37,36
3,38,72
3,39,70
3,40,32
3,41,73
3,42,26
3,43,64
3,44,22
3,45,49
3,46,85
3,47,45
3,48,3
3,49,58
3,50,84
4,5,40
4,6,20
4,7,93
4,8,8
4,9,37
4,10,79
4,11,59
4,12,59
4,13,28
4,14,71
4,15,63
4,16,77
4,17,19
4,18,28
4,19,21
4,20,90
4,21,57
4,22,66
4,23,49
4,24,45
4,25,95
4,26,80
4,27,78
4,28,54
4,29,87
4,30,22
4,31,54
4,32,57
4,33,30
4,34,49
4,35,38
4,36,63
4,37,72
4,38,63
4,39,41
4,40,87
4,41,23
4,42,75
4,43,24
4,44,40
4,45,64
4,46,26
4,47,55
4,48,95
4,49,33
4,50,100
5,6,37
5,7,54
5,8,36
5,9,82
5,10,40
5,11,6
5,12,22
5,13,29
5,14,99
5,15,64
5,16,75
5,17,20
5,18,14
5,19,62
5,20,2
5,21,66
5,22,31
5,23,22
5,24,80
5,25,60
5,26,5
5,27,70
5,28,65
5,29,62
5,30,15
5,31,95
5,32,44
5,33,65
5,34,3
5,35,67
5,36,78
5,37,58
5,38,99
5,39,88
5,40,36
5,41,8
5,42,48
5,43,19
5,44,9
5,45,80
5,46,6
5,47,96
5,48,4
5,49,92
5,50,54
6,7,36
6,8,49
6,9,2
6,10,52
6,11,22
6,12,18
6,13,15
6,14,95
6,15,87
6,16,7
6,17,75
6,18,24
6,19,23
6,20,41
6,21,35
6,22,86
6,23,36
6,24,57
6,25,93
6,26,13
6,27,58
6,28,24
6,29,48
6,30,95
6,31,76
6,32,43
6,33,24
6,34,42
6,35,84
6,36,39
6,37,52
6,38,93
6,39,27
6,40,90
6,41,18
6,42,81
6,43,93
6,44,20
6,45,15
6,46,57
6,47,81
6,48,50
6,49,7
6,50,71
7,8,52
7,9,18
7,10,31
7,11,46
7,12,55
7,13,95
7,14,35
7,15,1
7,16,15
7,17,77
7,18,100
7,19,59
7,20,24
7,21,65
7,22,33
7,23,8
7,24,91
7,25,17
7,26,85
7,27,64
7,28,3
7,29,72
7,30,100
7,31,75
7,32,37
7,33,38
7,34,47
7,35,43
7,36,34
7,37,36
7,38,54
7,39,89
7,40,66
7,41,82
7,42,25
7,43,25
7,44,65
7,45,95
7,46,31
7,47,54
7,48,63
7,49,48
7,50,44
8,9,86
8,10,45
8,11,69
8,12,22
8,13,36
8,14,29
8,15,31
8,16,48
8,17,27
8,18,36
8,19,5
8,20,85
8,21,70
8,22,22
8,23,24
8,24,30
8,25,60
8,26,89
8,27,44
8,28,45
8,29,43
8,30,54
8,31,65
8,32,95
8,33,64
8,34,62
8,35,83
8,36,14
8,37,66
8,38,46
8,39,52
8,40,84
8,41,27
8,42,17
8,43,76
8,44,37
8,45,59
8,46,49
8,47,83
8,48,68
8,49,9
8,50,35
9,10,82
9,11,87
9,12,92
9,13,44
9,14,74
9,15,26
9,16,1
9,17,33
9,18,39
9,19,14
9,20,100
9,21,47
9,22,26
9,23,86
9,24,54
9,25,65
9,26,91
9,27,100
9,28,96
9,29,50
9,30,67
9,31,84
9,32,72
9,33,30
9,34,51
9,35,22
9,36,56
9,37,38
9,38,20
9,39,79
9,40,13
9,41,82
9,42,2
9,43,92
9,44,84
9,45,87
9,46,16
9,47,33
9,48,9
9,49,36
9,50,10
10,11,22
10,12,50
10,13,13
10,14,38
10,15,46
10,16,49
10,17,63
10,18,56
10,19,33
10,20,99
10,21,1
10,22,86
10,23,57
10,24,76
10,25,38
10,26,45
10,27,97
10,28,36
10,29,17
10,30,11
10,31,99
10,32,35
10,33,70
10,34,95
10,35,67
10,36,44
10,37,72
10,38,2
10,39,59
10,40,71
10,41,17
10,42,44
10,43,13
10,44,39
10,45,66
10,46,22
10,47,48
10,48,18
10,49,95
10,50,48
11,12,13
11,13,39
11,14,60
11,15,76
11,16,13
11,17,9
11,18,28
11,19,82
11,20,16
11,21,64
11,22,18
11,23,23
11,24,12
11,25,62
11,26,95
11,27,65
11,28,97
11,29,56
11,30,54
11,31,34
11,32,54
11,33,100
11,34,49
11,35,9
11,36,61
11,37,72
11,38,54
11,39,78
11,40,24
11,41,77
11,42,29
11,43,2
11,44,38
11,45,45
11,46,9
11,47,98
11,48,26
11,49,36
11,50,21
12,13,34
12,14,93
12,15,64
12,16,67
12,17,49
12,18,52
12,19,30
12,20,13
12,21,49
12,22,17
12,23,20
12,24,31
12,25,99
12,26,2
12,27,37
12,28,44
12,29,19
12,30,93
12,31,3
12,32,48
12,33,45
12,34,21
12,35,61
12,36,50
12,37,19
12,38,85
12,39,82
12,40,69
12,41,91
12,42,89
12,43,79
12,44,72
12,45,29
12,46,97
12,47,69
12,48,20
12,49,78
12,50,90
13,14,86
13,15,56
13,16,29
13,17,99
13,18,10
13,19,9
13,20,32
13,21,97
13,22,86
13,23,59
13,24,75
13,25,100
13,26,63
13,27,46
13,28,34
13,29,28
13,30,33
13,31,69
13,32,72
13,33,53
13,34,53
13,35,47
13,36,94
13,37,43
13,38,77
13,39,33
13,40,27
13,41,48
13,42,69
13,43,94
13,44,87
13,45,50
13,46,90
13,47,63
13,48,100
13,49,7
13,50,27
14,15,80
14,16,100
14,17,99
14,18,90
14,19,60
14,20,8
14,21,67
14,22,9
14,23,10
14,24,73
14,25,87
14,26,45
14,27,31
14,28,12
14,29,36
14,30,57
14,31,24
14,32,16
14,33,43
14,34,1
14,35,64
14,36,94
14,37,1
14,38,81
14,39,77
14,40,94
14,41,30
14,42,93
14,43,54
14,44,59
14,45,33
14,46,86
14,47,99
14,48,45
14,49,100
14,50,85
15,16,11
15,17,24
15,18,66
15,19,13
15,20,86
15,21,36
15,22,75
15,23,68
15,24,50
15,25,31
15,26,84
15,27,100
15,28,25
15,29,13
15,30,56
15,31,24
15,32,36
15,33,74
15,34,40
15,35,35
15,36,7
15,37,58
15,38,86
15,39,38
15,40,71
15,41,26
15,42,23
15,43,81
15,44,93
15,45,48
15,46,3
15,47,6
15,48,40
15,49,18
15,50,19
16,17,96
16,18,70
16,19,49
16,20,15
16,21,99
16,22,30
16,23,14
16,24,15
16,25,79
16,26,68
16,27,15
16,28,29
16,29,90
16,30,8
16,31,58
16,32,49
16,33,31
16,34,95
16,35,97
16,36,97
16,37,14
16,38,46
16,39,32
16,40,47
16,41,10
16,42,12
16,43,47
16,44,74
16,45,4
16,46,80
16,47,79
16,48,84
16,49,49
16,50,67
17,18,94
17,19,78
17,20,84
17,21,74
17,22,72
17,23,27
17,24,15
17,25,55
17,26,78
17,27,34
17,28,40
17,29,19
17,30,99
17,31,51
17,32,87
17,33,68
17,34,34
17,35,40
17,36,50
17,37,63
17,38,55
17,39,92
17,40,71
17,41,84
17,42,13
17,43,94
17,44,3
17,45,12
17,46,76
17,47,94
17,48,65
17,49,98
17,50,60
18,19,100
18,20,85
18,21,3
18,22,39
18,23,3
18,24,73
18,25,83
18,26,72
18,27,8
18,28,89
18,29,68
18,30,36
18,31,27
18,32,81
18,33,93
18,34,86
18,35,61
18,36,48
18,37,33
18,38,63
18,39,19
18,40,52
18,41,36
18,42,16
18,43,99
18,44,75
18,45,42
18,46,58
18,47,62
18,48,78
18,49,33
18,50,67
19,20,24
19,21,71
19,22,46
19,23,100
19,24,36
19,25,61
19,26,54
19,27,73
19,28,78
19,29,31
19,30,41
19,31,90
19,32,63
19,33,81
19,34,85
19,35,16
19,36,43
19,37,26
19,38,63
19,39,61
19,40,59
19,41,3
19,42,95
19,43,29
19,44,65
19,45,6
19,46,5
19,47,25
19,48,56
19,49,63
19,50,89
20,21,19
20,22,9
20,23,58
20,24,89
20,25,22
20,26,55
20,27,32
20,28,39
20,29,19
20,30,12
20,31,81
20,32,33
20,33,79
20,34,67
20,35,73
20,36,49
20,37,25
20,38,2
20,39,48
20,40,89
20,41,71
20,42,48
20,43,84
20,44,7
20,45,36
20,46,55
20,47,44
20,48,43
20,49,2
20,50,23
21,22,61
21,23,49
21,24,34
21,25,16
21,26,29
21,27,35
21,28,62
21,29,47
21,30,41
21,31,44
21,32,15
21,33,79
21,34,85
21,35,16
21,36,40
21,37,89
21,38,44
21,39,74
21,40,57
21,41,29
21,42,52
21,43,68
21,44,21
21,45,47
21,46,47
21,47,75
21,48,40
21,49,56
21,50,59
22,23,11
22,24,4
22,25,7
22,26,31
22,27,69
22,28,12
22,29,37
22,30,89
22,31,63
22,32,92
22,33,67
22,34,28
22,35,85
22,36,95
22,37,50
22,38,10
22,39,71
22,40,62
22,41,49
22,42,58
22,43,23
22,44,83
22,45,83
22,46,29
22,47,8
22,48,18
22,49,40
22,50,29
23,24,68
23,25,82
23,26,71
23,27,27
23,28,68
23,29,80
23,30,68
23,31,74
23,32,32
23,33,77
23,34,13
23,35,70
23,36,67
23,37,68
23,38,83
23,39,50
23,40,27
23,41,12
23,42,89
23,43,9
23,44,92
23,45,62
23,46,76
23,47,35
23,48,44
23,49,51
23,50,25
24,25,3
24,26,72
24,27,56
24,28,20
24,29,76
24,30,10
24,31,58
24,32,91
24,33,83
24,34,4
24,35,48
24,36,8
24,37,72
24,38,34
24,39,19
24,40,68
24,41,79
24,42,71
24,43,28
24,44,89
24,45,33
24,46,32
24,47,52
24,48,61
24,49,25
24,50,33
25,26,29
25,27,8
25,28,7
25,29,44
25,30,16
25,31,28
25,32,18
25,33,45
25,34,19
25,35,51
25,36,92
25,37,20
25,38,95
25,39,38
25,40,42
25,41,28
25,42,24
25,43,44
25,44,83
25,45,27
25,46,53
25,47,67
25,48,32
25,49,55
25,50,1
26,27,23
26,28,40
26,29,33
26,30,70
26,31,72
26,32,11
26,33,22
26,34,33
26,35,98
26,36,73
26,37,69
26,38,48
26,39,3
26,40,85
26,41,77
26,42,76
26,43,56
26,44,97
26,45,63
26,46,10
26,47,29
26,48,77
26,49,67
26,50,44
27,28,7
27,29,78
27,30,85
27,31,2
27,32,51
27,33,13
27,34,86
27,35,100
27,36,32
27,37,92
27,38,36
27,39,80
27,40,89
27,41,19
27,42,80
27,43,21
27,44,44
27,45,79
27,46,16
27,47,44
27,48,12
27,49,92
27,50,74
28,29,82
28,30,59
28,31,98
28,32,54
28,33,94
28,34,43
28,35,65
28,36,95
28,37,87
28,38,25
28,39,30
28,40,81
28,41,100
28,42,84
28,43,11
28,44,49
28,45,12
28,46,59
28,47,78
28,48,77
28,49,38
28,50,93
29,30,56
29,31,59
29,32,84
29,33,67
29,34,39
29,35,88
29,36,51
29,37,24
29,38,18
29,39,35
29,40,49
29,41,99
29,42,100
29,43,52
29,44,22
29,45,37
29,46,46
29,47,60
29,48,24
29,49,90
29,50,30
30,31,6
30,32,1
30,33,46
30,34,26
30,35,94
30,36,96
30,37,34
30,38,82
30,39,33
30,40,93
30,41,30
30,42,81
30,43,62
30,44,16
30,45,11
30,46,49
30,47,36
30,48,74
30,49,28
30,50,40
31,32,1
31,33,29
31,34,98
31,35,54
31,36,89
31,37,40
31,38,35
31,39,49
31,40,43
31,41,14
31,42,72
31,43,96
31,44,65
31,45,76
31,46,79
31,47,50
31,48,100
31,49,72
31,50,80
32,33,43
32,34,33
32,35,15
32,36,4
32,37,29
32,38,3
32,39,37
32,40,28
32,41,73
32,42,53
32,43,24
32,44,49
32,45,22
32,46,96
32,47,22
32,48,82
32,49,96
32,50,5
33,34,37
33,35,100
33,36,20
33,37,38
33,38,57
33,39,60
33,40,77
33,41,23
33,42,78
33,43,80
33,44,99
33,45,16
33,46,9
33,47,27
33,48,54
33,49,63
33,50,42
34,35,27
34,36,47
34,37,74
34,38,78
34,39,34
34,40,46
34,41,82
34,42,11
34,43,73
34,44,22
34,45,81
34,46,1
34,47,79
34,48,1
34,49,6
34,50,61
35,36,31
35,37,26
35,38,12
35,39,51
35,40,61
35,41,69
35,42,35
35,43,64
35,44,48
35,45,15
35,46,32
35,47,14
35,48,60
35,49,45
35,50,63
36,37,42
36,38,69
36,39,81
36,40,80
36,41,29
36,42,4
36,43,26
36,44,17
36,45,3
36,46,54
36,47,47
36,48,77
36,49,92
36,50,96
37,38,98
37,39,75
37,40,15
37,41,35
37,42,80
37,43,69
37,44,6
37,45,77
37,46,44
37,47,46
37,48,92
37,49,11
37,50,16
38,39,86
38,40,23
38,41,39
38,42,9
38,43,12
38,44,39
38,45,19
38,46,21
38,47,4
38,48,8
38,49,9
38,50,11
39,40,39
39,41,51
39,42,88
39,43,36
39,44,77
39,45,48
39,46,74
39,47,73
39,48,51
39,49,50
39,50,50
40,41,69
40,42,71
40,43,84
40,44,34
40,45,78
40,46,78
40,47,71
40,48,54
40,49,100
40,50,20
41,42,54
41,43,6
41,44,34
41,45,76
41,46,86
41,47,91
41,48,14
41,49,98
41,50,41
42,43,72
42,44,76
42,45,28
42,46,39
42,47,100
42,48,7
42,49,13
42,50,30
43,44,100
43,45,86
43,46,64
43,47,22
43,48,68
43,49,65
43,50,8
44,45,46
44,46,12
44,47,92
44,48,28
44,49,11
44,50,100
45,46,32
45,47,73
45,48,65
45,49,70
45,50,77
46,47,74
46,48,38
46,49,11
46,50,74
47,48,62
47,49,44
47,50,36
48,49,82
48,50,18
49,50,29
