1,2,7
1,3,2
1,4,10
1,5,10
1,6,8
1,7,3
1,8,4
1,9,9
1,10,1
1,11,6
1,12,10
1,13,9
1,14,6
1,15,5
1,16,10
1,17,10
1,18,2
1,19,9
1,20,8
1,21,10
1,22,4
1,23,4
1,24,10
1,25,5
1,26,2
1,27,2
1,28,2
1,29,7
1,30,1
1,31,3
1,32,5
1,33,8
1,34,9
1,35,6
1,36,8
1,37,8
1,38,6
1,39,9
1,40,3
1,41,9
1,42,1
1,43,10
1,44,1
1,45,3
1,46,3
1,47,4
1,48,9
1,49,6
1,50,10
1,51,8
1,52,10
1,53,5
1,54,2
1,55,6
1,56,9
1,57,1
1,58,8
1,59,1
1,60,10
1,61,7
1,62,4
1,63,10
1,64,7
1,65,6
1,66,2
1,67,5
1,68,9
1,69,6
1,70,1
1,71,2
1,72,7
1,73,8
1,74,3
1,75,1
1,76,10
1,77,2
1,78,9
1,79,1
1,80,10
1,81,6
1,82,5
1,83,1
1,84,1
1,85,7
1,86,2
1,87,6
1,88,4
1,89,6
1,90,1
1,91,4
1,92,4
1,93,3
1,94,9
1,95,6
1,96,7
1,97,8
1,98,3
1,99,4
1,100,4
2,3,1
2,4,7
2,5,9
2,6,8
2,7,6
2,8,3
2,9,1
2,10,1
2,11,5
2,12,8
2,13,4
2,14,8
2,15,6
2,16,7
2,17,8
2,18,8
2,19,3
2,20,7
2,21,7
2,22,4
2,23,6
2,24,2
2,25,2
2,26,3
2,27,1
2,28,4
2,29,5
2,30,8
2,31,9
2,32,10
2,33,6
2,34,5
2,35,7
2,36,6
2,37,10
2,38,2
2,39,7
2,40,9
2,41,9
2,42,6
2,43,4
2,44,8
2,45,3
2,46,2
2,47,8
2,48,1
2,49,3
2,50,1
2,51,8
2,52,10
2,53,2
2,54,7
2,55,10
2,56,1
2,57,3
2,58,4
2,59,7
2,60,8
2,61,10
2,62,9
2,63,2
2,64,9
2,65,10
2,66,7
2,67,2
2,68,1
2,69,4
2,70,9
2,71,2
2,72,10
2,73,8
2,74,9
2,75,1
2,76,5
2,77,10
2,78,1
2,79,1
2,80,3
2,81,6
2,82,6
2,83,1
2,84,3
2,85,10
2,86,4
2,87,3
2,88,8
2,89,4
2,90,6
2,91,3
2,92,8
2,93,8
2,94,1
2,95,6
2,96,10
2,97,6
2,98,10
2,99,4
2,100,7
3,4,10
3,5,4
3,6,1
3,7,3
3,8,5
3,9,8
3,10,8
3,11,5
3,12,2
3,13,5
3,14,3
3,15,5
3,16,1
3,17,4
3,18,6
3,19,9
3,20,2
3,21,5
3,22,9
3,23,6
3,24,7
3,25,9
3,26,2
3,27,3
3,28,2
3,29,6
3,30,7
3,31,6
3,32,1
3,33,1
3,34,7
3,35,4
3,36,4
3,37,3
3,38,3
3,39,1
3,40,10
3,41,4
3,42,1
3,43,10
3,44,10
3,45,9
3,46,5
3,47,2
3,48,4
3,49,9
3,50,8
3,51,1
3,52,7
3,53,1
3,54,7
3,55,2
3,56,8
3,57,8
3,58,2
3,59,10
3,60,7
3,61,5
3,62,9
3,63,1
3,64,2
3,65,9
3,66,6
3,67,2
3,68,10
3,69,8
3,70,3
3,71,3
3,72,5
3,73,9
3,74,1
3,75,10
3,76,10
3,77,7
3,78,2
3,79,6
3,80,4
3,81,6
3,82,5
3,83,7
3,84,6
3,85,9
3,86,10
3,87,9
3,88,6
3,89,9
3,90,6
3,91,9
3,92,1
3,93,9
3,94,3
3,95,3
3,96,6
3,97,10
3,98,6
3,99,3
3,100,8
4,5,6
4,6,1
4,7,7
4,8,1
4,9,9
4,10,7
4,11,9
4,12,2
4,13,7
4,14,7
4,15,5
4,16,3
4,17,7
4,18,1
4,19,8
4,20,10
4,21,6
4,22,9
4,23,3
4,24,2
4,25,4
4,26,4
4,27,1
4,28,7
4,29,6
4,30,6
4,31,10
4,32,6
4,33,7
4,34,2
4,35,2
4,36,6
4,37,8
4,38,2
4,39,1
4,40,5
4,41,7
4,42,7
4,43,4
4,44,9
4,45,2
4,46,10
4,47,4
4,48,8
4,49,6
4,50,2
4,51,4
4,52,3
4,53,1
4,54,4
4,55,1
4,56,8
4,57,1
4,58,6
4,59,9
4,60,6
4,61,4
4,62,6
4,63,3
4,64,3
4,65,1
4,66,5
4,67,8
4,68,2
4,69,6
4,70,4
4,71,3
4,72,5
4,73,7
4,74,9
4,75,5
4,76,8
4,77,10
4,78,3
4,79,8
4,80,10
4,81,10
4,82,1
4,83,4
4,84,4
4,85,6
4,86,8
4,87,6
4,88,1
4,89,2
4,90,9
4,91,5
4,92,7
4,93,10
4,94,6
4,95,9
4,96,8
4,97,8
4,98,10
4,99,7
4,100,10
5,6,8
5,7,1
5,8,1
5,9,8
5,10,9
5,11,3
5,12,8
5,13,6
5,14,4
5,15,3
5,16,8
5,17,10
5,18,4
5,19,6
5,20,9
5,21,9
5,22,6
5,23,8
5,24,10
5,25,5
5,26,3
5,27,7
5,28,1
5,29,5
5,30,10
5,31,4
5,32,9
5,33,3
5,34,6
5,35,9
5,36,3
5,37,5
5,38,10
5,39,5
5,40,5
5,41,9
5,42,2
5,43,4
5,44,1
5,45,1
5,46,6
5,47,4
5,48,7
5,49,6
5,50,1
5,51,6
5,52,2
5,53,9
5,54,8
5,55,4
5,56,2
5,57,10
5,58,10
5,59,7
5,60,1
5,61,4
5,62,7
5,63,5
5,64,6
5,65,6
5,66,7
5,67,1
5,68,5
5,69,8
5,70,3
5,71,4
5,72,1
5,73,2
5,74,7
5,75,3
5,76,8
5,77,1
5,78,4
5,79,4
5,80,6
5,81,7
5,82,9
5,83,3
5,84,9
5,85,3
5,86,8
5,87,10
5,88,3
5,89,7
5,90,8
5,91,8
5,92,2
5,93,1
5,94,5
5,95,3
5,96,5
5,97,8
5,98,7
5,99,4
5,100,1
6,7,5
6,8,9
6,9,2
6,10,9
6,11,2
6,12,4
6,13,9
6,14,10
6,15,4
6,16,7
6,17,7
6,18,5
6,19,4
6,20,4
6,21,1
6,22,10
6,23,6
6,24,2
6,25,3
6,26,1
6,27,3
6,28,9
6,29,3
6,30,1
6,31,7
6,32,9
6,33,5
6,34,10
6,35,9
6,36,1
6,37,8
6,38,1
6,39,4
6,40,7
6,41,8
6,42,7
6,43,4
6,44,2
6,45,10
6,46,4
6,47,6
6,48,4
6,49,5
6,50,3
6,51,10
6,52,5
6,53,4
6,54,6
6,55,6
6,56,5
6,57,3
6,58,2
6,59,1
6,60,2
6,61,4
6,62,3
6,63,6
6,64,3
6,65,9
6,66,7
6,67,1
6,68,7
6,69,7
6,70,9
6,71,10
6,72,6
6,73,1
6,74,3
6,75,8
6,76,1
6,77,9
6,78,3
6,79,4
6,80,10
6,81,6
6,82,1
6,83,5
6,84,4
6,85,2
6,86,2
6,87,8
6,88,3
6,89,4
6,90,8
6,91,2
6,92,6
6,93,5
6,94,3
6,95,1
6,96,10
6,97,5
6,98,3
6,99,4
6,100,3
7,8,5
7,9,1
7,10,9
7,11,10
7,12,2
7,13,10
7,14,7
7,15,8
7,16,8
7,17,8
7,18,2
7,19,7
7,20,3
7,21,4
7,22,10
7,23,9
7,24,7
7,25,8
7,26,5
7,27,4
7,28,8
7,29,5
7,30,8
7,31,6
7,32,1
7,33,10
7,34,2
7,35,7
7,36,9
7,37,7
7,38,1
7,39,4
7,40,6
7,41,7
7,42,4
7,43,5
7,44,1
7,45,2
7,46,8
7,47,5
7,48,8
7,49,6
7,50,9
7,51,5
7,52,1
7,53,2
7,54,7
7,55,9
7,56,4
7,57,1
7,58,2
7,59,8
7,60,10
7,61,8
7,62,5
7,63,9
7,64,7
7,65,10
7,66,7
7,67,4
7,68,7
7,69,10
7,70,2
7,71,1
7,72,9
7,73,7
7,74,5
7,75,4
7,76,10
7,77,2
7,78,5
7,79,5
7,80,7
7,81,7
7,82,1
7,83,10
7,84,5
7,85,6
7,86,1
7,87,3
7,88,10
7,89,9
7,90,9
7,91,2
7,92,1
7,93,10
7,94,9
7,95,2
7,96,6
7,97,4
7,98,7
7,99,6
7,100,7
8,9,4
8,10,4
8,11,5
8,12,7
8,13,5
8,14,2
8,15,6
8,16,9
8,17,10
8,18,5
8,19,8
8,20,3
8,21,6
8,22,6
8,23,7
8,24,9
8,25,9
8,26,7
8,27,8
8,28,4
8,29,9
8,30,6
8,31,5
8,32,6
8,33,6
8,34,5
8,35,6
8,36,5
8,37,3
8,38,8
8,39,3
8,40,10
8,41,10
8,42,9
8,43,1
8,44,5
8,45,6
8,46,7
8,47,2
8,48,5
8,49,3
8,50,1
8,51,8
8,52,4
8,53,10
8,54,5
8,55,3
8,56,5
8,57,5
8,58,5
8,59,5
8,60,4
8,61,6
8,62,10
8,63,6
8,64,9
8,65,6
8,66,10
8,67,1
8,68,1
8,69,8
8,70,1
8,71,2
8,72,2
8,73,2
8,74,8
8,75,1
8,76,1
8,77,10
8,78,5
8,79,10
8,80,1
8,81,9
8,82,7
8,83,10
8,84,2
8,85,2
8,86,2
8,87,9
8,88,7
8,89,6
8,90,4
8,91,8
8,92,10
8,93,10
8,94,10
8,95,2
8,96,8
8,97,4
8,98,4
8,99,1
8,100,7
9,10,6
9,11,3
9,12,3
9,13,5
9,14,4
9,15,1
9,16,8
9,17,5
9,18,7
9,19,5
9,20,3
9,21,2
9,22,2
9,23,4
9,24,1
9,25,4
9,26,1
9,27,3
9,28,10
9,29,4
9,30,5
9,31,3
9,32,4
9,33,2
9,34,7
9,35,4
9,36,5
9,37,7
9,38,2
9,39,7
9,40,5
9,41,8
9,42,8
9,43,7
9,44,5
9,45,8
9,46,6
9,47,8
9,48,2
9,49,1
9,50,1
9,51,6
9,52,4
9,53,1
9,54,3
9,55,3
9,56,3
9,57,1
9,58,10
9,59,8
9,60,10
9,61,9
9,62,5
9,63,7
9,64,10
9,65,9
9,66,8
9,67,7
9,68,2
9,69,8
9,70,4
9,71,6
9,72,1
9,73,4
9,74,10
9,75,8
9,76,5
9,77,7
9,78,7
9,79,2
9,80,4
9,81,3
9,82,3
9,83,4
9,84,3
9,85,1
9,86,8
9,87,2
9,88,8
9,89,10
9,90,5
9,91,2
9,92,2
9,93,9
9,94,2
9,95,7
9,96,5
9,97,5
9,98,8
9,99,6
9,100,8
10,11,5
10,12,1
10,13,8
10,14,8
10,15,3
10,16,9
10,17,8
10,18,1
10,19,2
10,20,8
10,21,2
10,22,4
10,23,7
10,24,8
10,25,2
10,26,10
10,27,2
10,28,10
10,29,7
10,30,1
10,31,1
10,32,2
10,33,7
10,34,6
10,35,10
10,36,1
10,37,8
10,38,8
10,39,8
10,40,2
10,41,10
10,42,1
10,43,9
10,44,3
10,45,1
10,46,10
10,47,5
10,48,6
10,49,1
10,50,9
10,51,9
10,52,6
10,53,3
10,54,8
10,55,3
10,56,8
10,57,1
10,58,6
10,59,7
10,60,10
10,61,8
10,62,3
10,63,8
10,64,3
10,65,1
10,66,9
10,67,1
10,68,10
10,69,2
10,70,4
10,71,8
10,72,9
10,73,2
10,74,1
10,75,4
10,76,4
10,77,5
10,78,6
10,79,4
10,80,9
10,81,3
10,82,8
10,83,2
10,84,3
10,85,10
10,86,5
10,87,2
10,88,7
10,89,7
10,90,1
10,91,2
10,92,6
10,93,8
10,94,9
10,95,1
10,96,8
10,97,5
10,98,8
10,99,7
10,100,9
11,12,9
11,13,3
11,14,1
11,15,7
11,16,9
11,17,7
11,18,1
11,19,4
11,20,10
11,21,6
11,22,9
11,23,1
11,24,3
11,25,4
11,26,2
11,27,10
11,28,6
11,29,8
11,30,8
11,31,4
11,32,7
11,33,9
11,34,7
11,35,2
11,36,2
11,37,7
11,38,2
11,39,2
11,40,5
11,41,9
11,42,4
11,43,9
11,44,6
11,45,2
11,46,3
11,47,2
11,48,2
11,49,1
11,50,4
11,51,7
11,52,10
11,53,5
11,54,7
11,55,7
11,56,9
11,57,6
11,58,2
11,59,8
11,60,3
11,61,9
11,62,5
11,63,3
11,64,6
11,65,3
11,66,8
11,67,4
11,68,7
11,69,6
11,70,6
11,71,5
11,72,5
11,73,7
11,74,5
11,75,6
11,76,10
11,77,6
11,78,3
11,79,5
11,80,5
11,81,8
11,82,1
11,83,10
11,84,6
11,85,10
11,86,1
11,87,2
11,88,4
11,89,9
11,90,10
11,91,2
11,92,10
11,93,4
11,94,8
11,95,2
11,96,3
11,97,8
11,98,7
11,99,3
11,100,8
12,13,10
12,14,5
12,15,8
12,16,10
12,17,5
12,18,10
12,19,2
12,20,6
12,21,2
12,22,7
12,23,5
12,24,2
12,25,4
12,26,8
12,27,6
12,28,1
12,29,7
12,30,8
12,31,9
12,32,3
12,33,8
12,34,8
12,35,10
12,36,5
12,37,2
12,38,3
12,39,7
12,40,1
12,41,9
12,42,5
12,43,3
12,44,9
12,45,6
12,46,5
12,47,4
12,48,2
12,49,5
12,50,6
12,51,9
12,52,10
12,53,6
12,54,3
12,55,5
12,56,9
12,57,1
12,58,5
12,59,2
12,60,6
12,61,10
12,62,5
12,63,8
12,64,7
12,65,5
12,66,6
12,67,4
12,68,5
12,69,9
12,70,10
12,71,3
12,72,2
12,73,4
12,74,7
12,75,5
12,76,7
12,77,1
12,78,1
12,79,3
12,80,1
12,81,7
12,82,1
12,83,5
12,84,6
12,85,9
12,86,8
12,87,7
12,88,3
12,89,2
12,90,6
12,91,10
12,92,3
12,93,6
12,94,3
12,95,4
12,96,2
12,97,8
12,98,8
12,99,10
12,100,6
13,14,3
13,15,8
13,16,3
13,17,1
13,18,6
13,19,7
13,20,2
13,21,1
13,22,4
13,23,10
13,24,8
13,25,6
13,26,5
13,27,3
13,28,7
13,29,2
13,30,2
13,31,10
13,32,8
13,33,5
13,34,3
13,35,7
13,36,9
13,37,4
13,38,8
13,39,10
13,40,2
13,41,1
13,42,9
13,43,10
13,44,5
13,45,7
13,46,3
13,47,4
13,48,4
13,49,7
13,50,1
13,51,6
13,52,1
13,53,2
13,54,1
13,55,9
13,56,4
13,57,9
13,58,9
13,59,7
13,60,9
13,61,2
13,62,5
13,63,8
13,64,10
13,65,7
13,66,2
13,67,3
13,68,3
13,69,8
13,70,4
13,71,8
13,72,5
13,73,9
13,74,1
13,75,1
13,76,2
13,77,6
13,78,4
13,79,7
13,80,1
13,81,2
13,82,5
13,83,10
13,84,4
13,85,2
13,86,10
13,87,3
13,88,9
13,89,4
13,90,1
13,91,1
13,92,3
13,93,6
13,94,7
13,95,10
13,96,1
13,97,3
13,98,6
13,99,5
13,100,8
14,15,6
14,16,3
14,17,2
14,18,3
14,19,4
14,20,7
14,21,2
14,22,9
14,23,7
14,24,8
14,25,7
14,26,9
14,27,2
14,28,3
14,29,1
14,30,6
14,31,7
14,32,9
14,33,9
14,34,2
14,35,6
14,36,8
14,37,4
14,38,9
14,39,7
14,40,1
14,41,5
14,42,8
14,43,8
14,44,6
14,45,7
14,46,1
14,47,1
14,48,9
14,49,10
14,50,3
14,51,10
14,52,4
14,53,7
14,54,7
14,55,9
14,56,4
14,57,9
14,58,3
14,59,8
14,60,7
14,61,3
14,62,7
14,63,10
14,64,7
14,65,4
14,66,10
14,67,4
14,68,10
14,69,1
14,70,4
14,71,8
14,72,8
14,73,8
14,74,9
14,75,2
14,76,3
14,77,1
14,78,2
14,79,2
14,80,6
14,81,7
14,82,5
14,83,4
14,84,7
14,85,1
14,86,1
14,87,3
14,88,7
14,89,9
14,90,10
14,91,2
14,92,5
14,93,4
14,94,7
14,95,2
14,96,7
14,97,8
14,98,7
14,99,5
14,100,8
15,16,2
15,17,3
15,18,4
15,19,2
15,20,7
15,21,4
15,22,1
15,23,2
15,24,4
15,25,2
15,26,10
15,27,7
15,28,10
15,29,6
15,30,1
15,31,1
15,32,5
15,33,1
15,34,3
15,35,1
15,36,7
15,37,4
15,38,9
15,39,1
15,40,9
15,41,5
15,42,4
15,43,10
15,44,2
15,45,10
15,46,8
15,47,9
15,48,4
15,49,6
15,50,5
15,51,3
15,52,1
15,53,10
15,54,10
15,55,8
15,56,1
15,57,4
15,58,6
15,59,10
15,60,10
15,61,5
15,62,6
15,63,2
15,64,8
15,65,3
15,66,6
15,67,1
15,68,6
15,69,4
15,70,4
15,71,6
15,72,3
15,73,3
15,74,2
15,75,7
15,76,7
15,77,7
15,78,8
15,79,9
15,80,6
15,81,4
15,82,8
15,83,6
15,84,10
15,85,7
15,86,7
15,87,2
15,88,8
15,89,9
15,90,4
15,91,8
15,92,3
15,93,10
15,94,1
15,95,2
15,96,5
15,97,1
15,98,3
15,99,2
15,100,1
16,17,1
16,18,10
16,19,8
16,20,9
16,21,5
16,22,8
16,23,10
16,24,4
16,25,10
16,26,9
16,27,3
16,28,7
16,29,3
16,30,2
16,31,9
16,32,6
16,33,4
16,34,10
16,35,8
16,36,3
16,37,3
16,38,5
16,39,9
16,40,7
16,41,5
16,42,7
16,43,6
16,44,4
16,45,6
16,46,9
16,47,6
16,48,8
16,49,3
16,50,1
16,51,1
16,52,2
16,53,3
16,54,9
16,55,4
16,56,10
16,57,6
16,58,1
16,59,6
16,60,8
16,61,4
16,62,3
16,63,4
16,64,2
16,65,4
16,66,3
16,67,9
16,68,7
16,69,5
16,70,6
16,71,4
16,72,2
16,73,6
16,74,5
16,75,7
16,76,1
16,77,5
16,78,9
16,79,8
16,80,7
16,81,7
16,82,2
16,83,3
16,84,1
16,85,4
16,86,2
16,87,8
16,88,1
16,89,1
16,90,3
16,91,9
16,92,8
16,93,3
16,94,4
16,95,4
16,96,6
16,97,8
16,98,7
16,99,6
16,100,7
17,18,6
17,19,4
17,20,4
17,21,1
17,22,6
17,23,2
17,24,1
17,25,5
17,26,6
17,27,1
17,28,9
17,29,8
17,30,3
17,31,10
17,32,2
17,33,10
17,34,1
17,35,2
17,36,3
17,37,1
17,38,8
17,39,3
17,40,2
17,41,3
17,42,9
17,43,5
17,44,3
17,45,10
17,46,1
17,47,2
17,48,5
17,49,9
17,50,2
17,51,7
17,52,5
17,53,6
17,54,2
17,55,10
17,56,2
17,57,8
17,58,5
17,59,7
17,60,8
17,61,4
17,62,1
17,63,4
17,64,5
17,65,5
17,66,8
17,67,6
17,68,8
17,69,7
17,70,1
17,71,8
17,72,3
17,73,10
17,74,5
17,75,10
17,76,9
17,77,5
17,78,6
17,79,4
17,80,7
17,81,2
17,82,2
17,83,2
17,84,9
17,85,2
17,86,10
17,87,4
17,88,4
17,89,8
17,90,2
17,91,2
17,92,1
17,93,4
17,94,5
17,95,5
17,96,6
17,97,5
17,98,2
17,99,5
17,100,7
18,19,5
18,20,7
18,21,10
18,22,6
18,23,2
18,24,5
18,25,5
18,26,3
18,27,9
18,28,8
18,29,10
18,30,1
18,31,8
18,32,10
18,33,5
18,34,3
18,35,2
18,36,9
18,37,10
18,38,9
18,39,9
18,40,1
18,41,5
18,42,10
18,43,7
18,44,8
18,45,5
18,46,1
18,47,8
18,48,4
18,49,10
18,50,4
18,51,10
18,52,5
18,53,2
18,54,3
18,55,9
18,56,7
18,57,5
18,58,7
18,59,2
18,60,3
18,61,9
18,62,7
18,63,2
18,64,1
18,65,3
18,66,5
18,67,5
18,68,4
18,69,6
18,70,8
18,71,2
18,72,1
18,73,8
18,74,10
18,75,10
18,76,8
18,77,4
18,78,2
18,79,3
18,80,3
18,81,10
18,82,9
18,83,8
18,84,2
18,85,7
18,86,5
18,87,6
18,88,4
18,89,1
18,90,4
18,91,3
18,92,6
18,93,2
18,94,7
18,95,5
18,96,3
18,97,8
18,98,4
18,99,1
18,100,2
19,20,10
19,21,5
19,22,9
19,23,8
19,24,3
19,25,1
19,26,4
19,27,10
19,28,1
19,29,6
19,30,1
19,31,5
19,32,9
19,33,1
19,34,3
19,35,6
19,36,7
19,37,5
19,38,9
19,39,3
19,40,3
19,41,8
19,42,8
19,43,10
19,44,10
19,45,10
19,46,4
19,47,9
19,48,8
19,49,6
19,50,4
19,51,4
19,52,5
19,53,10
19,54,3
19,55,10
19,56,9
19,57,3
19,58,6
19,59,7
19,60,1
19,61,9
19,62,6
19,63,8
19,64,7
19,65,4
19,66,10
19,67,9
19,68,4
19,69,3
19,70,10
19,71,10
19,72,4
19,73,5
19,74,4
19,75,7
19,76,8
19,77,9
19,78,5
19,79,1
19,80,8
19,81,2
19,82,6
19,83,5
19,84,7
19,85,4
19,86,8
19,87,3
19,88,9
19,89,3
19,90,3
19,91,5
19,92,7
19,93,5
19,94,6
19,95,3
19,96,9
19,97,5
19,98,1
19,99,10
19,100,7
20,21,7
20,22,10
20,23,3
20,24,6
20,25,10
20,26,10
20,27,2
20,28,10
20,29,2
20,30,2
20,31,7
20,32,3
20,33,10
20,34,2
20,35,5
20,36,6
20,37,1
20,38,1
20,39,6
20,40,10
20,41,9
20,42,9
20,43,5
20,44,10
20,45,8
20,46,9
20,47,4
20,48,3
20,49,7
20,50,3
20,51,6
20,52,10
20,53,9
20,54,5
20,55,7
20,56,10
20,57,8
20,58,4
20,59,7
20,60,3
20,61,9
20,62,3
20,63,7
20,64,4
20,65,10
20,66,1
20,67,10
20,68,6
20,69,3
20,70,10
20,71,1
20,72,3
20,73,6
20,74,6
20,75,4
20,76,10
20,77,1
20,78,7
20,79,8
20,80,5
20,81,2
20,82,2
20,83,2
20,84,1
20,85,8
20,86,2
20,87,2
20,88,5
20,89,2
20,90,1
20,91,3
20,92,3
20,93,4
20,94,7
20,95,5
20,96,1
20,97,7
20,98,3
20,99,5
20,100,1
21,22,2
21,23,8
21,24,10
21,25,4
21,26,4
21,27,3
21,28,10
21,29,10
21,30,6
21,31,3
21,32,7
21,33,10
21,34,10
21,35,10
21,36,10
21,37,8
21,38,4
21,39,4
21,40,8
21,41,4
21,42,3
21,43,1
21,44,5
21,45,1
21,46,4
21,47,10
21,48,6
21,49,1
21,50,4
21,51,4
21,52,1
21,53,8
21,54,9
21,55,3
21,56,9
21,57,3
21,58,8
21,59,8
21,60,8
21,61,3
21,62,9
21,63,3
21,64,6
21,65,8
21,66,6
21,67,9
21,68,9
21,69,2
21,70,4
21,71,5
21,72,9
21,73,1
21,74,7
21,75,8
21,76,2
21,77,1
21,78,4
21,79,10
21,80,4
21,81,1
21,82,8
21,83,9
21,84,4
21,85,8
21,86,2
21,87,3
21,88,2
21,89,2
21,90,7
21,91,7
21,92,9
21,93,2
21,94,8
21,95,6
21,96,1
21,97,1
21,98,7
21,99,9
21,100,3
22,23,5
22,24,10
22,25,9
22,26,9
22,27,2
22,28,6
22,29,5
22,30,5
22,31,1
22,32,7
22,33,1
22,34,8
22,35,2
22,36,5
22,37,9
22,38,3
22,39,5
22,40,3
22,41,5
22,42,6
22,43,10
22,44,4
22,45,7
22,46,5
22,47,7
22,48,1
22,49,7
22,50,7
22,51,3
22,52,6
22,53,10
22,54,5
22,55,7
22,56,7
22,57,3
22,58,8
22,59,5
22,60,5
22,61,3
22,62,4
22,63,6
22,64,9
22,65,10
22,66,4
22,67,6
22,68,3
22,69,4
22,70,2
22,71,10
22,72,3
22,73,3
22,74,6
22,75,7
22,76,4
22,77,8
22,78,5
22,79,3
22,80,6
22,81,4
22,82,9
22,83,6
22,84,6
22,85,7
22,86,7
22,87,2
22,88,9
22,89,3
22,90,9
22,91,4
22,92,1
22,93,1
22,94,3
22,95,2
22,96,8
22,97,7
22,98,3
22,99,9
22,100,4
23,24,1
23,25,4
23,26,7
23,27,2
23,28,8
23,29,3
23,30,3
23,31,2
23,32,10
23,33,10
23,34,5
23,35,6
23,36,6
23,37,2
23,38,1
23,39,6
23,40,7
23,41,10
23,42,7
23,43,2
23,44,2
23,45,7
23,46,8
23,47,2
23,48,6
23,49,4
23,50,6
23,51,1
23,52,3
23,53,4
23,54,8
23,55,4
23,56,8
23,57,10
23,58,2
23,59,3
23,60,8
23,61,9
23,62,6
23,63,4
23,64,7
23,65,3
23,66,5
23,67,6
23,68,2
23,69,10
23,70,5
23,71,2
23,72,8
23,73,9
23,74,10
23,75,5
23,76,6
23,77,6
23,78,6
23,79,6
23,80,2
23,81,4
23,82,5
23,83,3
23,84,3
23,85,7
23,86,7
23,87,5
23,88,8
23,89,7
23,90,9
23,91,1
23,92,4
23,93,4
23,94,9
23,95,1
23,96,7
23,97,6
23,98,3
23,99,4
23,100,6
24,25,10
24,26,7
24,27,9
24,28,5
24,29,5
24,30,2
24,31,10
24,32,3
24,33,3
24,34,1
24,35,6
24,36,1
24,37,2
24,38,8
24,39,5
24,40,10
24,41,7
24,42,5
24,43,4
24,44,2
24,45,9
24,46,3
24,47,2
24,48,10
24,49,10
24,50,9
24,51,2
24,52,7
24,53,6
24,54,9
24,55,5
24,56,8
24,57,5
24,58,4
24,59,10
24,60,1
24,61,5
24,62,6
24,63,4
24,64,2
24,65,9
24,66,5
24,67,7
24,68,3
24,69,7
24,70,6
24,71,3
24,72,9
24,73,5
24,74,6
24,75,10
24,76,2
24,77,2
24,78,10
24,79,8
24,80,3
24,81,10
24,82,2
24,83,4
24,84,2
24,85,5
24,86,7
24,87,2
24,88,1
24,89,2
24,90,5
24,91,5
24,92,4
24,93,2
24,94,10
24,95,8
24,96,3
24,97,4
24,98,8
24,99,6
24,100,10
25,26,7
25,27,9
25,28,3
25,29,10
25,30,8
25,31,3
25,32,9
25,33,10
25,34,8
25,35,7
25,36,5
25,37,7
25,38,9
25,39,3
25,40,7
25,41,4
25,42,1
25,43,7
25,44,8
25,45,6
25,46,5
25,47,7
25,48,10
25,49,1
25,50,5
25,51,10
25,52,2
25,53,1
25,54,6
25,55,7
25,56,3
25,57,10
25,58,10
25,59,10
25,60,10
25,61,5
25,62,1
25,63,3
25,64,6
25,65,9
25,66,5
25,67,4
25,68,5
25,69,8
25,70,3
25,71,9
25,72,8
25,73,2
25,74,5
25,75,2
25,76,3
25,77,9
25,78,8
25,79,5
25,80,5
25,81,7
25,82,5
25,83,4
25,84,3
25,85,5
25,86,3
25,87,9
25,88,10
25,89,9
25,90,1
25,91,8
25,92,6
25,93,7
25,94,6
25,95,4
25,96,7
25,97,8
25,98,2
25,99,1
25,100,2
26,27,6
26,28,1
26,29,5
26,30,5
26,31,6
26,32,3
26,33,2
26,34,4
26,35,1
26,36,4
26,37,1
26,38,3
26,39,8
26,40,8
26,41,5
26,42,5
26,43,6
26,44,10
26,45,10
26,46,9
26,47,10
26,48,2
26,49,2
26,50,10
26,51,6
26,52,5
26,53,6
26,54,1
26,55,8
26,56,4
26,57,4
26,58,5
26,59,5
26,60,8
26,61,4
26,62,2
26,63,9
26,64,1
26,65,6
26,66,7
26,67,6
26,68,3
26,69,8
26,70,1
26,71,1
26,72,7
26,73,3
26,74,7
26,75,7
26,76,9
26,77,3
26,78,8
26,79,1
26,80,9
26,81,7
26,82,8
26,83,6
26,84,6
26,85,4
26,86,4
26,87,7
26,88,10
26,89,9
26,90,10
26,91,5
26,92,3
26,93,10
26,94,1
26,95,5
26,96,8
26,97,4
26,98,4
26,99,9
26,100,1
27,28,9
27,29,9
27,30,9
27,31,1
27,32,7
27,33,5
27,34,6
27,35,10
27,36,9
27,37,10
27,38,9
27,39,3
27,40,8
27,41,2
27,42,10
27,43,2
27,44,4
27,45,9
27,46,9
27,47,2
27,48,9
27,49,4
27,50,7
27,51,10
27,52,7
27,53,2
27,54,9
27,55,3
27,56,3
27,57,4
27,58,4
27,59,2
27,60,1
27,61,10
27,62,2
27,63,2
27,64,1
27,65,3
27,66,6
27,67,3
27,68,9
27,69,10
27,70,2
27,71,8
27,72,9
27,73,4
27,74,7
27,75,4
27,76,2
27,77,8
27,78,9
27,79,3
27,80,8
27,81,8
27,82,3
27,83,3
27,84,5
27,85,7
27,86,9
27,87,7
27,88,7
27,89,2
27,90,1
27,91,3
27,92,2
27,93,7
27,94,9
27,95,3
27,96,3
27,97,4
27,98,10
27,99,7
27,100,4
28,29,3
28,30,4
28,31,1
28,32,1
28,33,9
28,34,3
28,35,5
28,36,9
28,37,5
28,38,9
28,39,2
28,40,1
28,41,10
28,42,4
28,43,4
28,44,9
28,45,7
28,46,6
28,47,5
28,48,8
28,49,6
28,50,10
28,51,8
28,52,7
28,53,1
28,54,8
28,55,9
28,56,4
28,57,9
28,58,5
28,59,8
28,60,5
28,61,6
28,62,3
28,63,3
28,64,6
28,65,2
28,66,10
28,67,4
28,68,6
28,69,7
28,70,10
28,71,3
28,72,1
28,73,8
28,74,7
28,75,10
28,76,4
28,77,7
28,78,4
28,79,5
28,80,4
28,81,10
28,82,8
28,83,1
28,84,2
28,85,8
28,86,4
28,87,5
28,88,7
28,89,9
28,90,1
28,91,1
28,92,5
28,93,1
28,94,2
28,95,2
28,96,3
28,97,1
28,98,3
28,99,6
28,100,5
29,30,9
29,31,7
29,32,6
29,33,9
29,34,4
29,35,4
29,36,8
29,37,2
29,38,4
29,39,4
29,40,5
29,41,8
29,42,8
29,43,1
29,44,6
29,45,8
29,46,1
29,47,9
29,48,2
29,49,9
29,50,1
29,51,9
29,52,6
29,53,4
29,54,10
29,55,8
29,56,6
29,57,2
29,58,9
29,59,9
29,60,7
29,61,9
29,62,9
29,63,4
29,64,8
29,65,1
29,66,6
29,67,4
29,68,7
29,69,2
29,70,6
29,71,9
29,72,5
29,73,6
29,74,10
29,75,9
29,76,1
29,77,7
29,78,7
29,79,7
29,80,8
29,81,6
29,82,9
29,83,1
29,84,7
29,85,1
29,86,2
29,87,5
29,88,7
29,89,5
29,90,3
29,91,2
29,92,3
29,93,6
29,94,2
29,95,2
29,96,10
29,97,7
29,98,9
29,99,9
29,100,6
30,31,1
30,32,3
30,33,5
30,34,8
30,35,5
30,36,5
30,37,7
30,38,5
30,39,5
30,40,7
30,41,5
30,42,6
30,43,2
30,44,8
30,45,3
30,46,10
30,47,3
30,48,9
30,49,10
30,50,9
30,51,9
30,52,4
30,53,1
30,54,6
30,55,7
30,56,7
30,57,8
30,58,8
30,59,2
30,60,9
30,61,8
30,62,7
30,63,10
30,64,9
30,65,5
30,66,8
30,67,3
30,68,3
30,69,8
30,70,8
30,71,10
30,72,4
30,73,8
30,74,5
30,75,10
30,76,9
30,77,2
30,78,9
30,79,10
30,80,6
30,81,8
30,82,6
30,83,3
30,84,9
30,85,6
30,86,2
30,87,6
30,88,10
30,89,8
30,90,2
30,91,3
30,92,10
30,93,3
30,94,9
30,95,2
30,96,9
30,97,10
30,98,4
30,99,5
30,100,7
31,32,4
31,33,10
31,34,7
31,35,3
31,36,3
31,37,3
31,38,5
31,39,4
31,40,8
31,41,8
31,42,2
31,43,3
31,44,4
31,45,8
31,46,1
31,47,4
31,48,6
31,49,10
31,50,9
31,51,1
31,52,10
31,53,9
31,54,5
31,55,3
31,56,5
31,57,1
31,58,9
31,59,6
31,60,10
31,61,1
31,62,2
31,63,7
31,64,4
31,65,7
31,66,10
31,67,4
31,68,4
31,69,5
31,70,7
31,71,8
31,72,1
31,73,9
31,74,2
31,75,9
31,76,3
31,77,3
31,78,9
31,79,6
31,80,1
31,81,9
31,82,1
31,83,1
31,84,6
31,85,4
31,86,2
31,87,10
31,88,2
31,89,7
31,90,10
31,91,1
31,92,8
31,93,6
31,94,9
31,95,2
31,96,2
31,97,9
31,98,1
31,99,6
31,100,8
32,33,9
32,34,5
32,35,8
32,36,3
32,37,5
32,38,8
32,39,1
32,40,6
32,41,1
32,42,9
32,43,3
32,44,1
32,45,5
32,46,9
32,47,5
32,48,3
32,49,7
32,50,10
32,51,7
32,52,10
32,53,8
32,54,8
32,55,1
32,56,9
32,57,7
32,58,4
32,59,10
32,60,10
32,61,10
32,62,6
32,63,9
32,64,4
32,65,4
32,66,7
32,67,4
32,68,10
32,69,5
32,70,3
32,71,5
32,72,6
32,73,7
32,74,7
32,75,2
32,76,8
32,77,5
32,78,7
32,79,9
32,80,7
32,81,7
32,82,7
32,83,9
32,84,3
32,85,2
32,86,3
32,87,9
32,88,10
32,89,1
32,90,2
32,91,3
32,92,1
32,93,7
32,94,8
32,95,7
32,96,6
32,97,5
32,98,2
32,99,7
32,100,5
33,34,8
33,35,5
33,36,2
33,37,4
33,38,10
33,39,5
33,40,3
33,41,5
33,42,2
33,43,4
33,44,2
33,45,1
33,46,9
33,47,8
33,48,10
33,49,4
33,50,9
33,51,4
33,52,4
33,53,4
33,54,8
33,55,2
33,56,2
33,57,5
33,58,5
33,59,10
33,60,4
33,61,7
33,62,10
33,63,3
33,64,10
33,65,8
33,66,8
33,67,10
33,68,9
33,69,1
33,70,3
33,71,5
33,72,6
33,73,9
33,74,10
33,75,5
33,76,8
33,77,5
33,78,4
33,79,1
33,80,7
33,81,8
33,82,3
33,83,8
33,84,5
33,85,9
33,86,2
33,87,1
33,88,4
33,89,4
33,90,6
33,91,8
33,92,9
33,93,3
33,94,10
33,95,3
33,96,3
33,97,1
33,98,4
33,99,4
33,100,1
34,35,10
34,36,7
34,37,7
34,38,7
34,39,2
34,40,8
34,41,2
34,42,1
34,43,1
34,44,5
34,45,4
34,46,2
34,47,10
34,48,7
34,49,3
34,50,1
34,51,7
34,52,7
34,53,5
34,54,3
34,55,3
34,56,7
34,57,5
34,58,1
34,59,7
34,60,9
34,61,1
34,62,3
34,63,6
34,64,10
34,65,5
34,66,2
34,67,7
34,68,4
34,69,1
34,70,10
34,71,8
34,72,1
34,73,9
34,74,4
34,75,9
34,76,7
34,77,5
34,78,1
34,79,9
34,80,5
34,81,10
34,82,6
34,83,8
34,84,8
34,85,6
34,86,1
34,87,9
34,88,4
34,89,2
34,90,4
34,91,5
34,92,8
34,93,5
34,94,5
34,95,1
34,96,8
34,97,4
34,98,4
34,99,4
34,100,7
35,36,2
35,37,8
35,38,1
35,39,2
35,40,3
35,41,8
35,42,9
35,43,10
35,44,6
35,45,2
35,46,2
35,47,2
35,48,5
35,49,1
35,50,3
35,51,1
35,52,3
35,53,3
35,54,6
35,55,3
35,56,3
35,57,8
35,58,6
35,59,8
35,60,2
35,61,3
35,62,1
35,63,4
35,64,8
35,65,9
35,66,2
35,67,3
35,68,1
35,69,1
35,70,5
35,71,5
35,72,6
35,73,7
35,74,5
35,75,9
35,76,4
35,77,6
35,78,7
35,79,9
35,80,2
35,81,1
35,82,10
35,83,6
35,84,10
35,85,9
35,86,7
35,87,9
35,88,10
35,89,4
35,90,9
35,91,6
35,92,9
35,93,1
35,94,1
35,95,7
35,96,5
35,97,4
35,98,10
35,99,4
35,100,9
36,37,9
36,38,2
36,39,3
36,40,5
36,41,5
36,42,8
36,43,9
36,44,1
36,45,5
36,46,6
36,47,2
36,48,1
36,49,4
36,50,7
36,51,5
36,52,5
36,53,6
36,54,5
36,55,8
36,56,7
36,57,10
36,58,10
36,59,5
36,60,3
36,61,1
36,62,8
36,63,6
36,64,9
36,65,5
36,66,5
36,67,2
36,68,8
36,69,5
36,70,4
36,71,9
36,72,7
36,73,10
36,74,5
36,75,9
36,76,7
36,77,4
36,78,10
36,79,6
36,80,2
36,81,4
36,82,3
36,83,5
36,84,9
36,85,3
36,86,1
36,87,2
36,88,9
36,89,1
36,90,4
36,91,2
36,92,9
36,93,8
36,94,9
36,95,3
36,96,7
36,97,6
36,98,3
36,99,4
36,100,10
37,38,5
37,39,10
37,40,4
37,41,6
37,42,3
37,43,5
37,44,2
37,45,4
37,46,9
37,47,2
37,48,5
37,49,4
37,50,9
37,51,2
37,52,5
37,53,3
37,54,10
37,55,3
37,56,7
37,57,6
37,58,7
37,59,4
37,60,5
37,61,9
37,62,1
37,63,8
37,64,6
37,65,8
37,66,9
37,67,10
37,68,10
37,69,8
37,70,1
37,71,5
37,72,8
37,73,8
37,74,2
37,75,5
37,76,7
37,77,2
37,78,9
37,79,5
37,80,4
37,81,6
37,82,10
37,83,4
37,84,2
37,85,2
37,86,6
37,87,8
37,88,1
37,89,8
37,90,6
37,91,6
37,92,4
37,93,1
37,94,9
37,95,6
37,96,3
37,97,9
37,98,9
37,99,7
37,100,5
38,39,8
38,40,1
38,41,9
38,42,9
38,43,2
38,44,9
38,45,4
38,46,8
38,47,6
38,48,9
38,49,8
38,50,8
38,51,2
38,52,7
38,53,2
38,54,6
38,55,3
38,56,6
38,57,10
38,58,10
38,59,8
38,60,8
38,61,5
38,62,2
38,63,5
38,64,9
38,65,2
38,66,6
38,67,8
38,68,5
38,69,7
38,70,5
38,71,7
38,72,10
38,73,2
38,74,2
38,75,2
38,76,6
38,77,7
38,78,1
38,79,3
38,80,6
38,81,3
38,82,10
38,83,6
38,84,5
38,85,3
38,86,10
38,87,3
38,88,8
38,89,4
38,90,7
38,91,6
38,92,10
38,93,8
38,94,7
38,95,1
38,96,9
38,97,3
38,98,2
38,99,9
38,100,9
39,40,8
39,41,7
39,42,1
39,43,2
39,44,6
39,45,5
39,46,8
39,47,2
39,48,7
39,49,4
39,50,4
39,51,6
39,52,2
39,53,2
39,54,9
39,55,6
39,56,9
39,57,9
39,58,7
39,59,1
39,60,2
39,61,7
39,62,10
39,63,5
39,64,5
39,65,5
39,66,9
39,67,1
39,68,6
39,69,10
39,70,9
39,71,6
39,72,3
39,73,6
39,74,3
39,75,7
39,76,5
39,77,3
39,78,8
39,79,5
39,80,6
39,81,4
39,82,9
39,83,5
39,84,6
39,85,2
39,86,2
39,87,7
39,88,8
39,89,1
39,90,6
39,91,6
39,92,8
39,93,7
39,94,6
39,95,3
39,96,4
39,97,5
39,98,3
39,99,10
39,100,9
40,41,4
40,42,4
40,43,6
40,44,7
40,45,4
40,46,4
40,47,6
40,48,7
40,49,10
40,50,9
40,51,3
40,52,9
40,53,3
40,54,5
40,55,2
40,56,7
40,57,10
40,58,1
40,59,6
40,60,8
40,61,6
40,62,8
40,63,4
40,64,8
40,65,10
40,66,9
40,67,5
40,68,2
40,69,2
40,70,7
40,71,8
40,72,8
40,73,4
40,74,2
40,75,2
40,76,2
40,77,2
40,78,3
40,79,3
40,80,5
40,81,4
40,82,2
40,83,6
40,84,9
40,85,1
40,86,7
40,87,5
40,88,7
40,89,7
40,90,5
40,91,4
40,92,9
40,93,9
40,94,6
40,95,4
40,96,8
40,97,1
40,98,10
40,99,6
40,100,1
41,42,8
41,43,7
41,44,5
41,45,6
41,46,5
41,47,4
41,48,2
41,49,9
41,50,8
41,51,7
41,52,8
41,53,5
41,54,5
41,55,7
41,56,2
41,57,4
41,58,3
41,59,5
41,60,7
41,61,6
41,62,8
41,63,6
41,64,1
41,65,10
41,66,2
41,67,2
41,68,1
41,69,5
41,70,6
41,71,3
41,72,1
41,73,3
41,74,9
41,75,4
41,76,4
41,77,5
41,78,3
41,79,8
41,80,8
41,81,10
41,82,5
41,83,4
41,84,8
41,85,6
41,86,3
41,87,9
41,88,9
41,89,10
41,90,10
41,91,3
41,92,2
41,93,8
41,94,9
41,95,7
41,96,4
41,97,6
41,98,7
41,99,1
41,100,9
42,43,5
42,44,1
42,45,3
42,46,1
42,47,6
42,48,10
42,49,10
42,50,3
42,51,10
42,52,3
42,53,7
42,54,7
42,55,8
42,56,10
42,57,6
42,58,4
42,59,2
42,60,4
42,61,3
42,62,3
42,63,8
42,64,1
42,65,2
42,66,1
42,67,8
42,68,8
42,69,10
42,70,4
42,71,9
42,72,6
42,73,5
42,74,3
42,75,1
42,76,2
42,77,9
42,78,4
42,79,6
42,80,6
42,81,4
42,82,4
42,83,1
42,84,10
42,85,9
42,86,2
42,87,10
42,88,4
42,89,7
42,90,3
42,91,10
42,92,7
42,93,6
42,94,9
42,95,10
42,96,7
42,97,6
42,98,7
42,99,8
42,100,8
43,44,3
43,45,5
43,46,10
43,47,3
43,48,5
43,49,3
43,50,4
43,51,4
43,52,3
43,53,4
43,54,5
43,55,8
43,56,1
43,57,10
43,58,9
43,59,4
43,60,10
43,61,8
43,62,3
43,63,7
43,64,5
43,65,5
43,66,7
43,67,3
43,68,9
43,69,1
43,70,3
43,71,1
43,72,4
43,73,1
43,74,6
43,75,3
43,76,3
43,77,9
43,78,10
43,79,9
43,80,2
43,81,1
43,82,6
43,83,1
43,84,10
43,85,2
43,86,5
43,87,1
43,88,5
43,89,7
43,90,2
43,91,8
43,92,1
43,93,2
43,94,1
43,95,9
43,96,9
43,97,2
43,98,8
43,99,9
43,100,8
44,45,8
44,46,2
44,47,6
44,48,6
44,49,6
44,50,4
44,51,7
44,52,10
44,53,1
44,54,2
44,55,10
44,56,7
44,57,8
44,58,8
44,59,6
44,60,1
44,61,5
44,62,3
44,63,7
44,64,9
44,65,3
44,66,2
44,67,4
44,68,3
44,69,6
44,70,10
44,71,1
44,72,3
44,73,4
44,74,5
44,75,1
44,76,2
44,77,7
44,78,6
44,79,4
44,80,10
44,81,5
44,82,1
44,83,7
44,84,6
44,85,2
44,86,1
44,87,5
44,88,10
44,89,6
44,90,4
44,91,1
44,92,1
44,93,9
44,94,4
44,95,9
44,96,9
44,97,3
44,98,5
44,99,4
44,100,5
45,46,6
45,47,10
45,48,10
45,49,3
45,50,2
45,51,2
45,52,5
45,53,2
45,54,6
45,55,9
45,56,10
45,57,7
45,58,8
45,59,5
45,60,10
45,61,10
45,62,10
45,63,8
45,64,1
45,65,6
45,66,1
45,67,10
45,68,8
45,69,8
45,70,3
45,71,2
45,72,3
45,73,7
45,74,7
45,75,2
45,76,6
45,77,3
45,78,7
45,79,6
45,80,9
45,81,6
45,82,2
45,83,4
45,84,9
45,85,9
45,86,7
45,87,1
45,88,6
45,89,3
45,90,4
45,91,4
45,92,4
45,93,1
45,94,10
45,95,5
45,96,8
45,97,6
45,98,6
45,99,1
45,100,3
46,47,10
46,48,1
46,49,9
46,50,5
46,51,9
46,52,4
46,53,8
46,54,10
46,55,10
46,56,2
46,57,3
46,58,6
46,59,4
46,60,2
46,61,8
46,62,4
46,63,10
46,64,8
46,65,9
46,66,8
46,67,5
46,68,5
46,69,1
46,70,8
46,71,5
46,72,5
46,73,10
46,74,3
46,75,2
46,76,5
46,77,8
46,78,8
46,79,5
46,80,7
46,81,6
46,82,8
46,83,10
46,84,6
46,85,4
46,86,10
46,87,8
46,88,9
46,89,7
46,90,10
46,91,1
46,92,5
46,93,9
46,94,9
46,95,4
46,96,3
46,97,8
46,98,3
46,99,6
46,100,3
47,48,10
47,49,2
47,50,8
47,51,8
47,52,6
47,53,8
47,54,2
47,55,3
47,56,9
47,57,10
47,58,7
47,59,3
47,60,3
47,61,4
47,62,1
47,63,1
47,64,5
47,65,5
47,66,2
47,67,7
47,68,7
47,69,1
47,70,9
47,71,2
47,72,8
47,73,8
47,74,4
47,75,9
47,76,9
47,77,4
47,78,9
47,79,10
47,80,9
47,81,6
47,82,3
47,83,8
47,84,8
47,85,5
47,86,7
47,87,1
47,88,8
47,89,6
47,90,5
47,91,9
47,92,10
47,93,3
47,94,8
47,95,3
47,96,7
47,97,2
47,98,10
47,99,9
47,100,6
48,49,1
48,50,3
48,51,1
48,52,10
48,53,3
48,54,6
48,55,3
48,56,7
48,57,10
48,58,4
48,59,5
48,60,5
48,61,9
48,62,2
48,63,2
48,64,10
48,65,6
48,66,2
48,67,10
48,68,4
48,69,9
48,70,10
48,71,4
48,72,9
48,73,8
48,74,2
48,75,6
48,76,7
48,77,7
48,78,10
48,79,9
48,80,5
48,81,2
48,82,5
48,83,5
48,84,3
48,85,10
48,86,5
48,87,5
48,88,4
48,89,4
48,90,3
48,91,4
48,92,10
48,93,4
48,94,3
48,95,6
48,96,10
48,97,3
48,98,6
48,99,3
48,100,6
49,50,3
49,51,1
49,52,9
49,53,1
49,54,3
49,55,1
49,56,4
49,57,7
49,58,6
49,59,2
49,60,2
49,61,6
49,62,7
49,63,9
49,64,10
49,65,6
49,66,7
49,67,2
49,68,2
49,69,8
49,70,1
49,71,6
49,72,9
49,73,5
49,74,1
49,75,2
49,76,1
49,77,3
49,78,2
49,79,1
49,80,3
49,81,8
49,82,4
49,83,9
49,84,2
49,85,8
49,86,6
49,87,9
49,88,10
49,89,6
49,90,9
49,91,7
49,92,9
49,93,1
49,94,10
49,95,7
49,96,9
49,97,8
49,98,3
49,99,6
49,100,9
50,51,8
50,52,8
50,53,8
50,54,9
50,55,8
50,56,9
50,57,2
50,58,7
50,59,8
50,60,4
50,61,10
50,62,6
50,63,3
50,64,7
50,65,5
50,66,2
50,67,5
50,68,10
50,69,7
50,70,7
50,71,2
50,72,3
50,73,3
50,74,6
50,75,8
50,76,9
50,77,1
50,78,10
50,79,5
50,80,8
50,81,5
50,82,6
50,83,8
50,84,5
50,85,2
50,86,2
50,87,5
50,88,6
50,89,10
50,90,8
50,91,1
50,92,2
50,93,9
50,94,2
50,95,10
50,96,10
50,97,3
50,98,9
50,99,8
50,100,8
51,52,5
51,53,4
51,54,9
51,55,1
51,56,6
51,57,10
51,58,4
51,59,9
51,60,3
51,61,1
51,62,10
51,63,6
51,64,3
51,65,7
51,66,8
51,67,4
51,68,10
51,69,8
51,70,1
51,71,6
51,72,2
51,73,7
51,74,7
51,75,9
51,76,10
51,77,10
51,78,7
51,79,7
51,80,9
51,81,3
51,82,1
51,83,10
51,84,4
51,85,1
51,86,1
51,87,7
51,88,9
51,89,7
51,90,6
51,91,8
51,92,3
51,93,5
51,94,4
51,95,5
51,96,5
51,97,5
51,98,4
51,99,9
51,100,3
52,53,3
52,54,10
52,55,6
52,56,7
52,57,1
52,58,6
52,59,2
52,60,5
52,61,4
52,62,4
52,63,2
52,64,7
52,65,2
52,66,9
52,67,1
52,68,10
52,69,6
52,70,6
52,71,1
52,72,7
52,73,1
52,74,10
52,75,7
52,76,10
52,77,2
52,78,7
52,79,7
52,80,8
52,81,2
52,82,9
52,83,6
52,84,3
52,85,10
52,86,2
52,87,3
52,88,7
52,89,3
52,90,9
52,91,8
52,92,7
52,93,1
52,94,7
52,95,9
52,96,3
52,97,4
52,98,8
52,99,4
52,100,9
53,54,1
53,55,4
53,56,4
53,57,1
53,58,8
53,59,10
53,60,10
53,61,8
53,62,6
53,63,3
53,64,9
53,65,7
53,66,5
53,67,2
53,68,4
53,69,9
53,70,8
53,71,2
53,72,5
53,73,10
53,74,1
53,75,6
53,76,3
53,77,7
53,78,2
53,79,8
53,80,9
53,81,4
53,82,9
53,83,8
53,84,9
53,85,1
53,86,7
53,87,2
53,88,5
53,89,5
53,90,10
53,91,6
53,92,5
53,93,2
53,94,3
53,95,1
53,96,9
53,97,7
53,98,9
53,99,5
53,100,10
54,55,8
54,56,6
54,57,9
54,58,2
54,59,2
54,60,10
54,61,4
54,62,8
54,63,5
54,64,8
54,65,10
54,66,2
54,67,3
54,68,7
54,69,1
54,70,8
54,71,1
54,72,5
54,73,5
54,74,7
54,75,5
54,76,3
54,77,1
54,78,5
54,79,8
54,80,10
54,81,5
54,82,6
54,83,3
54,84,6
54,85,1
54,86,9
54,87,1
54,88,2
54,89,2
54,90,10
54,91,10
54,92,1
54,93,10
54,94,1
54,95,6
54,96,9
54,97,9
54,98,7
54,99,8
54,100,6
55,56,4
55,57,5
55,58,5
55,59,6
55,60,3
55,61,1
55,62,8
55,63,5
55,64,8
55,65,3
55,66,7
55,67,2
55,68,6
55,69,5
55,70,9
55,71,2
55,72,8
55,73,2
55,74,10
55,75,1
55,76,6
55,77,10
55,78,10
55,79,8
55,80,10
55,81,6
55,82,9
55,83,7
55,84,2
55,85,10
55,86,2
55,87,8
55,88,3
55,89,3
55,90,1
55,91,10
55,92,1
55,93,8
55,94,6
55,95,1
55,96,8
55,97,10
55,98,3
55,99,1
55,100,5
56,57,10
56,58,5
56,59,1
56,60,4
56,61,4
56,62,2
56,63,1
56,64,9
56,65,2
56,66,1
56,67,10
56,68,5
56,69,2
56,70,9
56,71,3
56,72,9
56,73,8
56,74,3
56,75,10
56,76,6
56,77,10
56,78,3
56,79,10
56,80,9
56,81,4
56,82,5
56,83,2
56,84,9
56,85,8
56,86,2
56,87,2
56,88,3
56,89,7
56,90,3
56,91,4
56,92,7
56,93,1
56,94,6
56,95,10
56,96,5
56,97,3
56,98,6
56,99,6
56,100,7
57,58,5
57,59,3
57,60,3
57,61,1
57,62,4
57,63,8
57,64,8
57,65,7
57,66,1
57,67,9
57,68,5
57,69,6
57,70,2
57,71,2
57,72,3
57,73,6
57,74,9
57,75,2
57,76,7
57,77,1
57,78,3
57,79,9
57,80,7
57,81,5
57,82,5
57,83,7
57,84,9
57,85,9
57,86,5
57,87,6
57,88,8
57,89,5
57,90,9
57,91,3
57,92,4
57,93,7
57,94,1
57,95,4
57,96,10
57,97,9
57,98,2
57,99,4
57,100,7
58,59,5
58,60,6
58,61,9
58,62,1
58,63,9
58,64,6
58,65,2
58,66,2
58,67,2
58,68,2
58,69,1
58,70,4
58,71,9
58,72,4
58,73,2
58,74,3
58,75,9
58,76,10
58,77,9
58,78,2
58,79,8
58,80,1
58,81,6
58,82,5
58,83,2
58,84,2
58,85,5
58,86,10
58,87,4
58,88,10
58,89,3
58,90,8
58,91,6
58,92,8
58,93,5
58,94,1
58,95,9
58,96,6
58,97,6
58,98,4
58,99,9
58,100,7
59,60,8
59,61,6
59,62,8
59,63,1
59,64,8
59,65,10
59,66,7
59,67,8
59,68,3
59,69,5
59,70,8
59,71,10
59,72,8
59,73,8
59,74,6
59,75,9
59,76,1
59,77,10
59,78,1
59,79,4
59,80,1
59,81,3
59,82,2
59,83,1
59,84,9
59,85,5
59,86,9
59,87,9
59,88,6
59,89,4
59,90,8
59,91,4
59,92,10
59,93,4
59,94,9
59,95,9
59,96,5
59,97,10
59,98,2
59,99,2
59,100,9
60,61,1
60,62,10
60,63,4
60,64,6
60,65,4
60,66,6
60,67,7
60,68,10
60,69,1
60,70,9
60,71,10
60,72,3
60,73,4
60,74,7
60,75,1
60,76,1
60,77,6
60,78,9
60,79,2
60,80,8
60,81,1
60,82,4
60,83,8
60,84,5
60,85,10
60,86,7
60,87,1
60,88,1
60,89,8
60,90,6
60,91,8
60,92,8
60,93,2
60,94,9
60,95,9
60,96,1
60,97,4
60,98,4
60,99,6
60,100,7
61,62,1
61,63,4
61,64,2
61,65,2
61,66,10
61,67,4
61,68,8
61,69,6
61,70,5
61,71,10
61,72,4
61,73,9
61,74,6
61,75,6
61,76,1
61,77,4
61,78,2
61,79,1
61,80,3
61,81,10
61,82,8
61,83,5
61,84,8
61,85,6
61,86,2
61,87,7
61,88,8
61,89,2
61,90,4
61,91,7
61,92,5
61,93,8
61,94,7
61,95,2
61,96,1
61,97,5
61,98,9
61,99,9
61,100,2
62,63,2
62,64,3
62,65,4
62,66,5
62,67,2
62,68,3
62,69,8
62,70,4
62,71,6
62,72,4
62,73,6
62,74,9
62,75,9
62,76,3
62,77,10
62,78,6
62,79,3
62,80,6
62,81,7
62,82,5
62,83,9
62,84,10
62,85,2
62,86,8
62,87,7
62,88,5
62,89,6
62,90,1
62,91,5
62,92,7
62,93,3
62,94,10
62,95,2
62,96,7
62,97,6
62,98,7
62,99,1
62,100,1
63,64,7
63,65,3
63,66,10
63,67,9
63,68,7
63,69,9
63,70,2
63,71,1
63,72,9
63,73,9
63,74,9
63,75,7
63,76,10
63,77,7
63,78,5
63,79,5
63,80,3
63,81,4
63,82,9
63,83,7
63,84,3
63,85,8
63,86,2
63,87,5
63,88,8
63,89,7
63,90,5
63,91,9
63,92,4
63,93,2
63,94,4
63,95,10
63,96,5
63,97,3
63,98,3
63,99,2
63,100,10
64,65,5
64,66,1
64,67,3
64,68,10
64,69,9
64,70,4
64,71,6
64,72,6
64,73,8
64,74,7
64,75,6
64,76,4
64,77,2
64,78,4
64,79,4
64,80,2
64,81,2
64,82,9
64,83,10
64,84,4
64,85,7
64,86,7
64,87,8
64,88,4
64,89,1
64,90,8
64,91,2
64,92,1
64,93,3
64,94,7
64,95,8
64,96,4
64,97,4
64,98,4
64,99,7
64,100,6
65,66,10
65,67,1
65,68,5
65,69,8
65,70,2
65,71,7
65,72,9
65,73,2
65,74,2
65,75,1
65,76,7
65,77,9
65,78,8
65,79,4
65,80,7
65,81,7
65,82,9
65,83,3
65,84,2
65,85,7
65,86,5
65,87,4
65,88,4
65,89,5
65,90,8
65,91,8
65,92,2
65,93,5
65,94,10
65,95,8
65,96,8
65,97,5
65,98,1
65,99,3
65,100,8
66,67,1
66,68,2
66,69,3
66,70,3
66,71,5
66,72,1
66,73,2
66,74,5
66,75,3
66,76,9
66,77,1
66,78,10
66,79,9
66,80,2
66,81,4
66,82,6
66,83,3
66,84,9
66,85,8
66,86,9
66,87,10
66,88,3
66,89,8
66,90,4
66,91,9
66,92,9
66,93,1
66,94,9
66,95,5
66,96,8
66,97,6
66,98,2
66,99,8
66,100,7
67,68,1
67,69,6
67,70,3
67,71,7
67,72,2
67,73,5
67,74,1
67,75,4
67,76,9
67,77,6
67,78,4
67,79,6
67,80,9
67,81,5
67,82,10
67,83,10
67,84,3
67,85,8
67,86,6
67,87,7
67,88,7
67,89,3
67,90,2
67,91,5
67,92,1
67,93,9
67,94,6
67,95,8
67,96,1
67,97,2
67,98,7
67,99,10
67,100,9
68,69,10
68,70,3
68,71,8
68,72,2
68,73,7
68,74,9
68,75,10
68,76,1
68,77,8
68,78,1
68,79,7
68,80,2
68,81,10
68,82,10
68,83,6
68,84,2
68,85,2
68,86,7
68,87,1
68,88,8
68,89,4
68,90,3
68,91,7
68,92,6
68,93,7
68,94,3
68,95,9
68,96,6
68,97,6
68,98,5
68,99,1
68,100,8
69,70,1
69,71,8
69,72,3
69,73,6
69,74,5
69,75,7
69,76,7
69,77,9
69,78,4
69,79,2
69,80,4
69,81,9
69,82,2
69,83,10
69,84,1
69,85,10
69,86,10
69,87,5
69,88,10
69,89,2
69,90,5
69,91,9
69,92,1
69,93,1
69,94,1
69,95,5
69,96,1
69,97,9
69,98,1
69,99,4
69,100,3
70,71,6
70,72,4
70,73,8
70,74,5
70,75,4
70,76,6
70,77,7
70,78,10
70,79,10
70,80,10
70,81,3
70,82,3
70,83,4
70,84,7
70,85,3
70,86,1
70,87,7
70,88,3
70,89,8
70,90,3
70,91,1
70,92,1
70,93,8
70,94,5
70,95,2
70,96,9
70,97,5
70,98,10
70,99,9
70,100,6
71,72,2
71,73,2
71,74,10
71,75,1
71,76,5
71,77,6
71,78,1
71,79,7
71,80,9
71,81,5
71,82,2
71,83,8
71,84,1
71,85,9
71,86,1
71,87,8
71,88,7
71,89,8
71,90,5
71,91,6
71,92,7
71,93,2
71,94,9
71,95,6
71,96,10
71,97,5
71,98,3
71,99,3
71,100,7
72,73,4
72,74,9
72,75,4
72,76,6
72,77,7
72,78,7
72,79,3
72,80,1
72,81,6
72,82,6
72,83,9
72,84,8
72,85,1
72,86,4
72,87,3
72,88,1
72,89,3
72,90,6
72,91,4
72,92,9
72,93,10
72,94,7
72,95,5
72,96,1
72,97,8
72,98,9
72,99,6
72,100,7
73,74,10
73,75,8
73,76,6
73,77,6
73,78,8
73,79,5
73,80,7
73,81,4
73,82,8
73,83,1
73,84,10
73,85,4
73,86,3
73,87,1
73,88,1
73,89,10
73,90,8
73,91,3
73,92,10
73,93,1
73,94,2
73,95,7
73,96,3
73,97,5
73,98,3
73,99,8
73,100,3
74,75,2
74,76,7
74,77,2
74,78,10
74,79,10
74,80,9
74,81,4
74,82,2
74,83,10
74,84,7
74,85,4
74,86,4
74,87,1
74,88,3
74,89,7
74,90,10
74,91,8
74,92,9
74,93,9
74,94,7
74,95,1
74,96,3
74,97,1
74,98,8
74,99,7
74,100,2
75,76,7
75,77,2
75,78,5
75,79,4
75,80,3
75,81,3
75,82,2
75,83,9
75,84,4
75,85,1
75,86,7
75,87,8
75,88,10
75,89,2
75,90,6
75,91,9
75,92,10
75,93,7
75,94,8
75,95,2
75,96,8
75,97,4
75,98,4
75,99,10
75,100,9
76,77,6
76,78,7
76,79,6
76,80,6
76,81,9
76,82,4
76,83,1
76,84,4
76,85,9
76,86,4
76,87,4
76,88,8
76,89,8
76,90,10
76,91,10
76,92,5
76,93,4
76,94,1
76,95,9
76,96,10
76,97,3
76,98,10
76,99,4
76,100,3
77,78,6
77,79,2
77,80,7
77,81,10
77,82,6
77,83,3
77,84,5
77,85,3
77,86,5
77,87,6
77,88,2
77,89,9
77,90,10
77,91,5
77,92,1
77,93,4
77,94,4
77,95,5
77,96,10
77,97,5
77,98,10
77,99,8
77,100,4
78,79,9
78,80,7
78,81,2
78,82,1
78,83,5
78,84,3
78,85,4
78,86,5
78,87,7
78,88,9
78,89,10
78,90,4
78,91,6
78,92,6
78,93,5
78,94,10
78,95,3
78,96,4
78,97,2
78,98,1
78,99,1
78,100,4
79,80,9
79,81,9
79,82,3
79,83,7
79,84,3
79,85,6
79,86,7
79,87,1
79,88,7
79,89,6
79,90,5
79,91,8
79,92,3
79,93,6
79,94,3
79,95,8
79,96,4
79,97,1
79,98,3
79,99,10
79,100,3
80,81,3
80,82,8
80,83,3
80,84,2
80,85,2
80,86,3
80,87,2
80,88,2
80,89,9
80,90,3
80,91,3
80,92,2
80,93,4
80,94,4
80,95,6
80,96,3
80,97,3
80,98,4
80,99,5
80,100,5
81,82,9
81,83,1
81,84,5
81,85,9
81,86,2
81,87,4
81,88,4
81,89,9
81,90,5
81,91,3
81,92,6
81,93,3
81,94,1
81,95,8
81,96,5
81,97,5
81,98,9
81,99,9
81,100,5
82,83,5
82,84,10
82,85,5
82,86,6
82,87,1
82,88,2
82,89,8
82,90,9
82,91,4
82,92,7
82,93,6
82,94,2
82,95,9
82,96,6
82,97,8
82,98,4
82,99,1
82,100,1
83,84,2
83,85,7
83,86,8
83,87,6
83,88,1
83,89,10
83,90,1
83,91,9
83,92,2
83,93,10
83,94,4
83,95,6
83,96,2
83,97,8
83,98,5
83,99,8
83,100,3
84,85,7
84,86,3
84,87,6
84,88,5
84,89,4
84,90,1
84,91,7
84,92,6
84,93,10
84,94,3
84,95,9
84,96,7
84,97,3
84,98,10
84,99,10
84,100,9
85,86,6
85,87,3
85,88,10
85,89,8
85,90,10
85,91,2
85,92,8
85,93,9
85,94,5
85,95,10
85,96,2
85,97,2
85,98,8
85,99,3
85,100,9
86,87,3
86,88,4
86,89,6
86,90,10
86,91,2
86,92,9
86,93,3
86,94,10
86,95,10
86,96,6
86,97,7
86,98,6
86,99,3
86,100,10
87,88,8
87,89,1
87,90,4
87,91,7
87,92,4
87,93,8
87,94,6
87,95,4
87,96,7
87,97,9
87,98,9
87,99,7
87,100,5
88,89,8
88,90,10
88,91,10
88,92,3
88,93,7
88,94,1
88,95,6
88,96,8
88,97,5
88,98,6
88,99,2
88,100,5
89,90,1
89,91,7
89,92,7
89,93,9
89,94,8
89,95,1
89,96,7
89,97,7
89,98,8
89,99,5
89,100,5
90,91,3
90,92,8
90,93,2
90,94,4
90,95,1
90,96,8
90,97,5
90,98,3
90,99,1
90,100,10
91,92,7
91,93,6
91,94,10
91,95,10
91,96,4
91,97,9
91,98,9
91,99,3
91,100,7
92,93,6
92,94,6
92,95,5
92,96,8
92,97,5
92,98,8
92,99,3
92,100,2
93,94,4
93,95,3
93,96,6
93,97,6
93,98,1
93,99,10
93,100,9
94,95,2
94,96,8
94,97,1
94,98,2
94,99,6
94,100,9
95,96,5
95,97,7
95,98,7
95,99,1
95,100,5
96,97,4
96,98,9
96,99,5
96,100,6
97,98,1
97,99,6
97,100,10
98,99,2
98,100,4
99,100,5
