1,2,63
1,3,42
1,4,73
1,5,80
1,6,37
1,7,55
1,8,17
1,9,15
1,10,51
1,11,62
1,12,90
1,13,83
1,14,78
1,15,80
1,16,29
1,17,51
1,18,59
1,19,42
1,20,21
1,21,57
1,22,85
1,23,73
1,24,20
1,25,25
1,26,71
1,27,92
1,28,15
1,29,43
1,30,46
1,31,61
1,32,60
1,33,21
1,34,53
1,35,43
1,36,19
1,37,1
1,38,91
1,39,14
1,40,91
1,41,100
1,42,2
1,43,42
1,44,18
1,45,81
1,46,7
1,47,62
1,48,61
1,49,38
1,50,33
1,51,72
1,52,77
1,53,89
1,54,44
1,55,67
1,56,70
1,57,77
1,58,4
1,59,19
1,60,91
1,61,76
1,62,69
1,63,36
1,64,100
1,65,6
1,66,30
1,67,43
1,68,93
1,69,26
1,70,68
1,71,31
1,72,38
1,73,28
1,74,18
1,75,91
1,76,41
1,77,84
1,78,36
1,79,26
1,80,19
1,81,74
1,82,93
1,83,96
1,84,89
1,85,85
1,86,31
1,87,80
1,88,28
1,89,67
1,90,67
1,91,68
1,92,12
1,93,67
1,94,34
1,95,48
1,96,100
1,97,26
1,98,98
1,99,47
1,100,6
2,3,85
2,4,34
2,5,7
2,6,3
2,7,6
2,8,18
2,9,62
2,10,80
2,11,66
2,12,5
2,13,49
2,14,3
2,15,52
2,16,35
2,17,33
2,18,85
2,19,29
2,20,96
2,21,68
2,22,71
2,23,65
2,24,40
2,25,35
2,26,21
2,27,19
2,28,12
2,29,26
2,30,55
2,31,28
2,32,32
2,33,96
2,34,21
2,35,23
2,36,46
2,37,61
2,38,82
2,39,47
2,40,95
2,41,54
2,42,77
2,43,35
2,44,16
2,45,96
2,46,24
2,47,80
2,48,56
2,49,44
2,50,90
2,51,8
2,52,63
2,53,2
2,54,76
2,55,35
2,56,16
2,57,10
2,58,58
2,59,65
2,60,15
2,61,98
2,62,77
2,63,55
2,64,18
2,65,1
2,66,10
2,67,25
2,68,98
2,69,19
2,70,49
2,71,70
2,72,12
2,73,48
2,74,77
2,75,72
2,76,55
2,77,54
2,78,90
2,79,34
2,80,46
2,81,63
2,82,98
2,83,95
2,84,90
2,85,36
2,86,21
2,87,71
2,88,15
2,89,10
2,90,27
2,91,1
2,92,21
2,93,98
2,94,92
2,95,83
2,96,8
2,97,46
2,98,90
2,99,86
2,100,36
3,4,25
3,5,20
3,6,97
3,7,75
3,8,57
3,9,30
3,10,31
3,11,22
3,12,49
3,13,1
3,14,17
3,15,38
3,16,74
3,17,70
3,18,71
3,19,48
3,20,60
3,21,61
3,22,39
3,23,56
3,24,95
3,25,48
3,26,99
3,27,38
3,28,30
3,29,47
3,30,63
3,31,25
3,32,61
3,33,68
3,34,52
3,35,100
3,36,60
3,37,64
3,38,85
3,39,15
3,40,65
3,41,56
3,42,88
3,43,80
3,44,13
3,45,66
3,46,1
3,47,11
3,48,85
3,49,14
3,50,44
3,51,11
3,52,12
3,53,1
3,54,27
3,55,5
3,56,77
3,57,9
3,58,86
3,59,7
3,60,97
3,61,100
3,62,9
3,63,36
3,64,84
3,65,90
3,66,13
3,67,70
3,68,2
3,69,16
3,70,50
3,71,67
3,72,88
3,73,62
3,74,36
3,75,91
3,76,78
3,77,93
3,78,16
3,79,65
3,80,7
3,81,33
3,82,97
3,83,74
3,84,41
3,85,64
3,86,64
3,87,100
3,88,6
3,89,3
3,90,69
3,91,64
3,92,23
3,93,19
3,94,1
3,95,89
3,96,72
3,97,81
3,98,24
3,99,79
3,100,25
4,5,5
4,6,98
4,7,62
4,8,19
4,9,42
4,10,11
4,11,72
4,12,60
4,13,94
4,14,94
4,15,88
4,16,90
4,17,93
4,18,27
4,19,20
4,20,80
4,21,31
4,22,63
4,23,27
4,24,50
4,25,13
4,26,52
4,27,91
4,28,10
4,29,56
4,30,84
4,31,50
4,32,100
4,33,97
4,34,65
4,35,16
4,36,50
4,37,18
4,38,64
4,39,43
4,40,71
4,41,66
4,42,48
4,43,96
4,44,42
4,45,96
4,46,82
4,47,80
4,48,13
4,49,99
4,50,80
4,51,35
4,52,59
4,53,74
4,54,91
4,55,8
4,56,46
4,57,19
4,58,72
4,59,78
4,60,10
4,61,42
4,62,31
4,63,48
4,64,35
4,65,55
4,66,99
4,67,77
4,68,95
4,69,94
4,70,53
4,71,65
4,72,77
4,73,87
4,74,55
4,75,35
4,76,79
4,77,100
4,78,65
4,79,26
4,80,29
4,81,31
4,82,3
4,83,70
4,84,45
4,85,24
4,86,79
4,87,13
4,88,71
4,89,24
4,90,5
4,91,35
4,92,48
4,93,75
4,94,42
4,95,88
4,96,7
4,97,88
4,98,61
4,99,41
4,100,51
5,6,23
5,7,62
5,8,81
5,9,98
5,10,70
5,11,23
5,12,68
5,13,53
5,14,13
5,15,66
5,16,24
5,17,8
5,18,4
5,19,10
5,20,13
5,21,92
5,22,92
5,23,56
5,24,100
5,25,46
5,26,29
5,27,57
5,28,18
5,29,40
5,30,48
5,31,67
5,32,68
5,33,67
5,34,37
5,35,63
5,36,38
5,37,9
5,38,36
5,39,47
5,40,72
5,41,6
5,42,28
5,43,86
5,44,24
5,45,62
5,46,33
5,47,85
5,48,85
5,49,60
5,50,55
5,51,24
5,52,17
5,53,24
5,54,93
5,55,71
5,56,20
5,57,58
5,58,8
5,59,78
5,60,20
5,61,13
5,62,78
5,63,23
5,64,53
5,65,77
5,66,8
5,67,17
5,68,32
5,69,49
5,70,72
5,71,93
5,72,91
5,73,41
5,74,68
5,75,91
5,76,60
5,77,86
5,78,10
5,79,62
5,80,2
5,81,30
5,82,81
5,83,90
5,84,74
5,85,15
5,86,61
5,87,94
5,88,99
5,89,99
5,90,11
5,91,67
5,92,52
5,93,5
5,94,36
5,95,17
5,96,61
5,97,28
5,98,72
5,99,86
5,100,36
6,7,98
6,8,60
6,9,8
6,10,83
6,11,94
6,12,73
6,13,94
6,14,63
6,15,74
6,16,85
6,17,19
6,18,73
6,19,3
6,20,28
6,21,26
6,22,4
6,23,74
6,24,47
6,25,64
6,26,34
6,27,37
6,28,3
6,29,51
6,30,72
6,31,74
6,32,28
6,33,91
6,34,17
6,35,20
6,36,67
6,37,73
6,38,31
6,39,58
6,40,57
6,41,19
6,42,76
6,43,82
6,44,15
6,45,77
6,46,76
6,47,6
6,48,98
6,49,94
6,50,98
6,51,14
6,52,6
6,53,16
6,54,22
6,55,39
6,56,32
6,57,87
6,58,87
6,59,96
6,60,74
6,61,13
6,62,20
6,63,10
6,64,24
6,65,40
6,66,65
6,67,88
6,68,76
6,69,37
6,70,48
6,71,57
6,72,38
6,73,41
6,74,37
6,75,23
6,76,22
6,77,63
6,78,81
6,79,24
6,80,94
6,81,36
6,82,88
6,83,38
6,84,93
6,85,13
6,86,91
6,87,17
6,88,73
6,89,68
6,90,47
6,91,47
6,92,82
6,93,80
6,94,34
6,95,53
6,96,22
6,97,69
6,98,93
6,99,42
6,100,75
7,8,15
7,9,36
7,10,66
7,11,78
7,12,94
7,13,94
7,14,49
7,15,35
7,16,80
7,17,14
7,18,12
7,19,77
7,20,32
7,21,51
7,22,27
7,23,60
7,24,33
7,25,8
7,26,45
7,27,39
7,28,72
7,29,56
7,30,43
7,31,81
7,32,84
7,33,95
7,34,3
7,35,42
7,36,81
7,37,20
7,38,100
7,39,56
7,40,1
7,41,71
7,42,48
7,43,72
7,44,66
7,45,85
7,46,6
7,47,67
7,48,42
7,49,98
7,50,3
7,51,8
7,52,45
7,53,70
7,54,4
7,55,94
7,56,73
7,57,72
7,58,98
7,59,81
7,60,53
7,61,19
7,62,69
7,63,8
7,64,64
7,65,68
7,66,70
7,67,31
7,68,74
7,69,7
7,70,56
7,71,87
7,72,15
7,73,99
7,74,45
7,75,73
7,76,62
7,77,26
7,78,31
7,79,98
7,80,20
7,81,80
7,82,87
7,83,39
7,84,58
7,85,52
7,86,9
7,87,42
7,88,21
7,89,57
7,90,10
7,91,30
7,92,89
7,93,63
7,94,67
7,95,2
7,96,15
7,97,97
7,98,97
7,99,27
7,100,11
8,9,29
8,10,81
8,11,14
8,12,56
8,13,59
8,14,73
8,15,74
8,16,93
8,17,5
8,18,33
8,19,97
8,20,35
8,21,40
8,22,14
8,23,96
8,24,33
8,25,98
8,26,55
8,27,57
8,28,16
8,29,60
8,30,40
8,31,10
8,32,60
8,33,30
8,34,82
8,35,48
8,36,28
8,37,54
8,38,76
8,39,14
8,40,16
8,41,23
8,42,9
8,43,9
8,44,77
8,45,10
8,46,28
8,47,11
8,48,22
8,49,53
8,50,21
8,51,27
8,52,20
8,53,86
8,54,78
8,55,18
8,56,11
8,57,22
8,58,19
8,59,46
8,60,95
8,61,25
8,62,11
8,63,67
8,64,56
8,65,21
8,66,63
8,67,59
8,68,97
8,69,25
8,70,93
8,71,8
8,72,95
8,73,85
8,74,16
8,75,99
8,76,33
8,77,6
8,78,19
8,79,38
8,80,43
8,81,95
8,82,18
8,83,53
8,84,98
8,85,47
8,86,61
8,87,38
8,88,74
8,89,35
8,90,81
8,91,81
8,92,58
8,93,69
8,94,5
8,95,85
8,96,47
8,97,55
8,98,5
8,99,81
8,100,7
9,10,2
9,11,9
9,12,84
9,13,23
9,14,33
9,15,67
9,16,10
9,17,85
9,18,39
9,19,86
9,20,41
9,21,70
9,22,87
9,23,53
9,24,95
9,25,33
9,26,80
9,27,68
9,28,55
9,29,17
9,30,53
9,31,99
9,32,88
9,33,55
9,34,38
9,35,63
9,36,28
9,37,17
9,38,21
9,39,73
9,40,55
9,41,33
9,42,63
9,43,100
9,44,39
9,45,23
9,46,67
9,47,34
9,48,89
9,49,64
9,50,14
9,51,21
9,52,84
9,53,85
9,54,66
9,55,3
9,56,62
9,57,74
9,58,70
9,59,2
9,60,59
9,61,61
9,62,46
9,63,67
9,64,82
9,65,62
9,66,43
9,67,57
9,68,3
9,69,11
9,70,88
9,71,45
9,72,67
9,73,18
9,74,98
9,75,47
9,76,22
9,77,81
9,78,53
9,79,29
9,80,66
9,81,37
9,82,9
9,83,74
9,84,100
9,85,49
9,86,69
9,87,16
9,88,29
9,89,76
9,90,30
9,91,58
9,92,44
9,93,54
9,94,65
9,95,90
9,96,6
9,97,19
9,98,82
9,99,91
9,100,41
10,11,27
10,12,55
10,13,31
10,14,18
10,15,7
10,16,74
10,17,95
10,18,17
10,19,100
10,20,15
10,21,78
10,22,49
10,23,8
10,24,67
10,25,53
10,26,48
10,27,64
10,28,46
10,29,25
10,30,40
10,31,56
10,32,50
10,33,69
10,34,43
10,35,100
10,36,60
10,37,78
10,38,87
10,39,21
10,40,4
10,41,100
10,42,3
10,43,80
10,44,14
10,45,13
10,46,96
10,47,94
10,48,99
10,49,60
10,50,94
10,51,79
10,52,90
10,53,35
10,54,95
10,55,47
10,56,47
10,57,43
10,58,23
10,59,4
10,60,66
10,61,17
10,62,70
10,63,78
10,64,39
10,65,52
10,66,5
10,67,54
10,68,54
10,69,31
10,70,84
10,71,91
10,72,78
10,73,82
10,74,9
10,75,36
10,76,86
10,77,7
10,78,11
10,79,95
10,80,91
10,81,53
10,82,43
10,83,87
10,84,20
10,85,51
10,86,96
10,87,81
10,88,72
10,89,62
10,90,90
10,91,31
10,92,37
10,93,39
10,94,87
10,95,70
10,96,95
10,97,13
10,98,33
10,99,68
10,100,80
11,12,37
11,13,8
11,14,77
11,15,13
11,16,46
11,17,78
11,18,82
11,19,7
11,20,72
11,21,64
11,22,20
11,23,99
11,24,69
11,25,32
11,26,12
11,27,86
11,28,1
11,29,82
11,30,15
11,31,84
11,32,29
11,33,35
11,34,44
11,35,76
11,36,38
11,37,49
11,38,21
11,39,2
11,40,69
11,41,30
11,42,2
11,43,66
11,44,92
11,45,39
11,46,32
11,47,15
11,48,14
11,49,77
11,50,63
11,51,23
11,52,86
11,53,74
11,54,78
11,55,1
11,56,29
11,57,12
11,58,50
11,59,24
11,60,32
11,61,34
11,62,17
11,63,47
11,64,16
11,65,50
11,66,2
11,67,35
11,68,71
11,69,46
11,70,15
11,71,72
11,72,24
11,73,18
11,74,11
11,75,15
11,76,30
11,77,69
11,78,10
11,79,20
11,80,37
11,81,85
11,82,20
11,83,81
11,84,95
11,85,44
11,86,49
11,87,3
11,88,7
11,89,76
11,90,25
11,91,32
11,92,82
11,93,83
11,94,70
11,95,35
11,96,98
11,97,92
11,98,10
11,99,47
11,100,40
12,13,79
12,14,94
12,15,57
12,16,43
12,17,36
12,18,16
12,19,76
12,20,50
12,21,76
12,22,44
12,23,31
12,24,60
12,25,37
12,26,74
12,27,65
12,28,45
12,29,27
12,30,84
12,31,39
12,32,89
12,33,2
12,34,92
12,35,29
12,36,41
12,37,37
12,38,35
12,39,45
12,40,58
12,41,33
12,42,63
12,43,59
12,44,63
12,45,87
12,46,64
12,47,81
12,48,70
12,49,73
12,50,33
12,51,32
12,52,56
12,53,25
12,54,76
12,55,74
12,56,95
12,57,100
12,58,19
12,59,82
12,60,32
12,61,2
12,62,74
12,63,45
12,64,92
12,65,5
12,66,11
12,67,68
12,68,85
12,69,51
12,70,77
12,71,3
12,72,82
12,73,39
12,74,100
12,75,90
12,76,67
12,77,56
12,78,43
12,79,59
12,80,41
12,81,77
12,82,99
12,83,7
12,84,91
12,85,94
12,86,9
12,87,10
12,88,18
12,89,22
12,90,61
12,91,3
12,92,38
12,93,29
12,94,37
12,95,2
12,96,66
12,97,66
12,98,38
12,99,12
12,100,87
13,14,91
13,15,92
13,16,3
13,17,8
13,18,38
13,19,9
13,20,40
13,21,70
13,22,59
13,23,29
13,24,40
13,25,15
13,26,4
13,27,73
13,28,38
13,29,15
13,30,86
13,31,79
13,32,12
13,33,72
13,34,94
13,35,95
13,36,35
13,37,92
13,38,14
13,39,19
13,40,83
13,41,15
13,42,53
13,43,16
13,44,55
13,45,91
13,46,31
13,47,23
13,48,93
13,49,100
13,50,79
13,51,12
13,52,85
13,53,55
13,54,69
13,55,16
13,56,85
13,57,39
13,58,83
13,59,99
13,60,1
13,61,29
13,62,45
13,63,88
13,64,38
13,65,21
13,66,72
13,67,79
13,68,73
13,69,45
13,70,87
13,71,17
13,72,19
13,73,98
13,74,66
13,75,67
13,76,62
13,77,62
13,78,53
13,79,73
13,80,92
13,81,48
13,82,33
13,83,76
13,84,77
13,85,58
13,86,52
13,87,6
13,88,9
13,89,98
13,90,55
13,91,43
13,92,10
13,93,53
13,94,79
13,95,7
13,96,97
13,97,4
13,98,33
13,99,76
13,100,49
14,15,4
14,16,29
14,17,94
14,18,27
14,19,41
14,20,38
14,21,60
14,22,62
14,23,16
14,24,56
14,25,48
14,26,49
14,27,12
14,28,30
14,29,83
14,30,84
14,31,95
14,32,79
14,33,19
14,34,28
14,35,8
14,36,91
14,37,64
14,38,9
14,39,21
14,40,16
14,41,80
14,42,28
14,43,82
14,44,86
14,45,45
14,46,70
14,47,91
14,48,95
14,49,85
14,50,2
14,51,79
14,52,46
14,53,19
14,54,70
14,55,81
14,56,78
14,57,7
14,58,25
14,59,33
14,60,97
14,61,62
14,62,95
14,63,46
14,64,16
14,65,21
14,66,15
14,67,77
14,68,44
14,69,97
14,70,100
14,71,70
14,72,93
14,73,69
14,74,80
14,75,88
14,76,61
14,77,10
14,78,98
14,79,29
14,80,57
14,81,42
14,82,28
14,83,90
14,84,41
14,85,63
14,86,98
14,87,14
14,88,85
14,89,25
14,90,16
14,91,48
14,92,78
14,93,39
14,94,45
14,95,17
14,96,9
14,97,25
14,98,7
14,99,60
14,100,27
15,16,34
15,17,68
15,18,64
15,19,37
15,20,99
15,21,12
15,22,86
15,23,35
15,24,58
15,25,59
15,26,92
15,27,46
15,28,84
15,29,35
15,30,2
15,31,100
15,32,74
15,33,72
15,34,81
15,35,91
15,36,96
15,37,92
15,38,36
15,39,83
15,40,63
15,41,24
15,42,47
15,43,21
15,44,72
15,45,53
15,46,92
15,47,71
15,48,54
15,49,33
15,50,45
15,51,92
15,52,95
15,53,91
15,54,79
15,55,14
15,56,27
15,57,97
15,58,55
15,59,12
15,60,66
15,61,28
15,62,2
15,63,77
15,64,5
15,65,96
15,66,20
15,67,30
15,68,43
15,69,81
15,70,38
15,71,33
15,72,94
15,73,54
15,74,2
15,75,80
15,76,43
15,77,52
15,78,43
15,79,46
15,80,5
15,81,48
15,82,72
15,83,46
15,84,35
15,85,84
15,86,87
15,87,93
15,88,13
15,89,87
15,90,48
15,91,13
15,92,55
15,93,22
15,94,75
15,95,69
15,96,28
15,97,67
15,98,97
15,99,98
15,100,34
16,17,23
16,18,70
16,19,14
16,20,86
16,21,46
16,22,66
16,23,73
16,24,2
16,25,97
16,26,10
16,27,56
16,28,74
16,29,12
16,30,16
16,31,68
16,32,19
16,33,10
16,34,17
16,35,13
16,36,77
16,37,9
16,38,54
16,39,88
16,40,9
16,41,86
16,42,65
16,43,8
16,44,58
16,45,20
16,46,7
16,47,94
16,48,30
16,49,68
16,50,17
16,51,86
16,52,29
16,53,46
16,54,52
16,55,8
16,56,78
16,57,89
16,58,45
16,59,98
16,60,83
16,61,35
16,62,51
16,63,72
16,64,54
16,65,8
16,66,97
16,67,51
16,68,34
16,69,7
16,70,64
16,71,41
16,72,17
16,73,81
16,74,76
16,75,82
16,76,10
16,77,40
16,78,7
16,79,45
16,80,73
16,81,96
16,82,41
16,83,57
16,84,82
16,85,41
16,86,75
16,87,83
16,88,83
16,89,42
16,90,75
16,91,87
16,92,33
16,93,41
16,94,53
16,95,31
16,96,1
16,97,36
16,98,4
16,99,71
16,100,54
17,18,3
17,19,85
17,20,85
17,21,3
17,22,36
17,23,8
17,24,45
17,25,7
17,26,54
17,27,4
17,28,12
17,29,74
17,30,83
17,31,5
17,32,67
17,33,63
17,34,6
17,35,2
17,36,57
17,37,4
17,38,55
17,39,1
17,40,71
17,41,53
17,42,45
17,43,97
17,44,84
17,45,97
17,46,84
17,47,25
17,48,86
17,49,57
17,50,31
17,51,38
17,52,26
17,53,60
17,54,73
17,55,74
17,56,7
17,57,18
17,58,98
17,59,82
17,60,49
17,61,82
17,62,17
17,63,28
17,64,26
17,65,99
17,66,88
17,67,7
17,68,32
17,69,78
17,70,85
17,71,87
17,72,65
17,73,29
17,74,15
17,75,93
17,76,25
17,77,67
17,78,18
17,79,28
17,80,21
17,81,84
17,82,26
17,83,24
17,84,77
17,85,14
17,86,76
17,87,88
17,88,27
17,89,87
17,90,9
17,91,55
17,92,94
17,93,39
17,94,53
17,95,59
17,96,97
17,97,42
17,98,17
17,99,73
17,100,34
18,19,27
18,20,41
18,21,20
18,22,7
18,23,17
18,24,40
18,25,37
18,26,86
18,27,46
18,28,27
18,29,88
18,30,28
18,31,19
18,32,23
18,33,38
18,34,32
18,35,15
18,36,49
18,37,75
18,38,5
18,39,84
18,40,96
18,41,19
18,42,7
18,43,60
18,44,31
18,45,77
18,46,99
18,47,8
18,48,42
18,49,57
18,50,31
18,51,54
18,52,67
18,53,66
18,54,81
18,55,9
18,56,93
18,57,82
18,58,44
18,59,51
18,60,80
18,61,13
18,62,98
18,63,57
18,64,39
18,65,25
18,66,22
18,67,41
18,68,85
18,69,17
18,70,89
18,71,23
18,72,80
18,73,58
18,74,43
18,75,32
18,76,2
18,77,52
18,78,28
18,79,93
18,80,74
18,81,78
18,82,32
18,83,35
18,84,47
18,85,1
18,86,47
18,87,43
18,88,2
18,89,1
18,90,92
18,91,26
18,92,69
18,93,66
18,94,96
18,95,48
18,96,16
18,97,55
18,98,39
18,99,87
18,100,99
19,20,34
19,21,20
19,22,62
19,23,21
19,24,32
19,25,33
19,26,79
19,27,22
19,28,54
19,29,66
19,30,1
19,31,85
19,32,84
19,33,58
19,34,57
19,35,42
19,36,42
19,37,49
19,38,91
19,39,85
19,40,11
19,41,58
19,42,22
19,43,36
19,44,33
19,45,90
19,46,87
19,47,88
19,48,45
19,49,57
19,50,89
19,51,32
19,52,67
19,53,88
19,54,83
19,55,64
19,56,90
19,57,37
19,58,23
19,59,60
19,60,52
19,61,69
19,62,69
19,63,61
19,64,77
19,65,80
19,66,36
19,67,27
19,68,70
19,69,9
19,70,52
19,71,72
19,72,76
19,73,64
19,74,49
19,75,23
19,76,98
19,77,7
19,78,13
19,79,29
19,80,97
19,81,95
19,82,57
19,83,50
19,84,20
19,85,81
19,86,29
19,87,76
19,88,88
19,89,4
19,90,41
19,91,57
19,92,44
19,93,89
19,94,61
19,95,36
19,96,74
19,97,32
19,98,15
19,99,52
19,100,29
20,21,37
20,22,69
20,23,31
20,24,82
20,25,27
20,26,46
20,27,32
20,28,10
20,29,92
20,30,71
20,31,53
20,32,97
20,33,95
20,34,95
20,35,48
20,36,98
20,37,38
20,38,43
20,39,58
20,40,84
20,41,100
20,42,98
20,43,4
20,44,99
20,45,13
20,46,86
20,47,16
20,48,41
20,49,24
20,50,81
20,51,69
20,52,73
20,53,42
20,54,78
20,55,56
20,56,44
20,57,72
20,58,56
20,59,28
20,60,9
20,61,19
20,62,27
20,63,63
20,64,50
20,65,17
20,66,67
20,67,36
20,68,98
20,69,39
20,70,75
20,71,43
20,72,35
20,73,29
20,74,19
20,75,18
20,76,90
20,77,73
20,78,81
20,79,53
20,80,24
20,81,98
20,82,56
20,83,88
20,84,70
20,85,4
20,86,69
20,87,24
20,88,19
20,89,20
20,90,44
20,91,62
20,92,88
20,93,50
20,94,32
20,95,67
20,96,60
20,97,16
20,98,73
20,99,89
20,100,32
21,22,8
21,23,81
21,24,29
21,25,72
21,26,33
21,27,7
21,28,46
21,29,51
21,30,75
21,31,26
21,32,54
21,33,18
21,34,6
21,35,45
21,36,71
21,37,98
21,38,4
21,39,84
21,40,89
21,41,91
21,42,92
21,43,63
21,44,8
21,45,14
21,46,80
21,47,65
21,48,97
21,49,74
21,50,95
21,51,98
21,52,82
21,53,39
21,54,16
21,55,46
21,56,67
21,57,65
21,58,100
21,59,55
21,60,83
21,61,40
21,62,74
21,63,63
21,64,83
21,65,28
21,66,49
21,67,80
21,68,74
21,69,21
21,70,24
21,71,91
21,72,85
21,73,32
21,74,52
21,75,17
21,76,30
21,77,85
21,78,6
21,79,28
21,80,4
21,81,65
21,82,10
21,83,69
21,84,69
21,85,65
21,86,80
21,87,32
21,88,8
21,89,2
21,90,5
21,91,15
21,92,74
21,93,5
21,94,94
21,95,13
21,96,73
21,97,15
21,98,67
21,99,7
21,100,42
22,23,58
22,24,93
22,25,92
22,26,1
22,27,40
22,28,7
22,29,63
22,30,75
22,31,44
22,32,2
22,33,30
22,34,48
22,35,64
22,36,37
22,37,25
22,38,4
22,39,69
22,40,37
22,41,73
22,42,92
22,43,94
22,44,6
22,45,94
22,46,28
22,47,57
22,48,25
22,49,94
22,50,60
22,51,88
22,52,63
22,53,59
22,54,6
22,55,30
22,56,61
22,57,48
22,58,27
22,59,35
22,60,50
22,61,48
22,62,31
22,63,79
22,64,18
22,65,22
22,66,4
22,67,47
22,68,56
22,69,72
22,70,68
22,71,44
22,72,53
22,73,42
22,74,61
22,75,56
22,76,50
22,77,46
22,78,62
22,79,54
22,80,16
22,81,43
22,82,25
22,83,32
22,84,67
22,85,10
22,86,45
22,87,65
22,88,95
22,89,2
22,90,79
22,91,52
22,92,85
22,93,97
22,94,68
22,95,80
22,96,71
22,97,29
22,98,70
22,99,51
22,100,36
23,24,85
23,25,48
23,26,51
23,27,32
23,28,7
23,29,37
23,30,39
23,31,83
23,32,6
23,33,95
23,34,57
23,35,59
23,36,9
23,37,22
23,38,89
23,39,39
23,40,8
23,41,17
23,42,49
23,43,84
23,44,70
23,45,71
23,46,99
23,47,2
23,48,66
23,49,10
23,50,67
23,51,72
23,52,48
23,53,42
23,54,87
23,55,75
23,56,6
23,57,10
23,58,56
23,59,50
23,60,61
23,61,47
23,62,46
23,63,10
23,64,66
23,65,29
23,66,55
23,67,67
23,68,25
23,69,52
23,70,15
23,71,75
23,72,64
23,73,26
23,74,21
23,75,96
23,76,56
23,77,64
23,78,89
23,79,20
23,80,78
23,81,84
23,82,66
23,83,59
23,84,7
23,85,76
23,86,20
23,87,49
23,88,15
23,89,99
23,90,36
23,91,11
23,92,37
23,93,51
23,94,77
23,95,91
23,96,15
23,97,39
23,98,1
23,99,52
23,100,70
24,25,78
24,26,36
24,27,15
24,28,36
24,29,36
24,30,76
24,31,10
24,32,5
24,33,21
24,34,36
24,35,52
24,36,93
24,37,72
24,38,81
24,39,57
24,40,26
24,41,42
24,42,52
24,43,20
24,44,82
24,45,93
24,46,78
24,47,94
24,48,86
24,49,37
24,50,18
24,51,91
24,52,65
24,53,17
24,54,55
24,55,86
24,56,60
24,57,84
24,58,2
24,59,50
24,60,84
24,61,54
24,62,95
24,63,56
24,64,68
24,65,52
24,66,44
24,67,76
24,68,23
24,69,47
24,70,70
24,71,71
24,72,58
24,73,41
24,74,6
24,75,72
24,76,87
24,77,21
24,78,70
24,79,52
24,80,72
24,81,25
24,82,97
24,83,85
24,84,78
24,85,9
24,86,97
24,87,96
24,88,66
24,89,13
24,90,22
24,91,37
24,92,40
24,93,69
24,94,36
24,95,11
24,96,18
24,97,57
24,98,52
24,99,60
24,100,65
25,26,26
25,27,43
25,28,88
25,29,57
25,30,58
25,31,68
25,32,16
25,33,69
25,34,54
25,35,77
25,36,10
25,37,82
25,38,69
25,39,41
25,40,8
25,41,29
25,42,89
25,43,6
25,44,7
25,45,47
25,46,69
25,47,20
25,48,60
25,49,7
25,50,16
25,51,24
25,52,95
25,53,37
25,54,65
25,55,77
25,56,19
25,57,67
25,58,93
25,59,39
25,60,3
25,61,13
25,62,77
25,63,37
25,64,37
25,65,34
25,66,15
25,67,53
25,68,80
25,69,29
25,70,45
25,71,47
25,72,86
25,73,30
25,74,62
25,75,32
25,76,54
25,77,84
25,78,31
25,79,43
25,80,44
25,81,57
25,82,83
25,83,60
25,84,54
25,85,31
25,86,5
25,87,79
25,88,71
25,89,72
25,90,60
25,91,80
25,92,20
25,93,44
25,94,77
25,95,73
25,96,90
25,97,47
25,98,67
25,99,51
25,100,14
26,27,73
26,28,61
26,29,88
26,30,7
26,31,82
26,32,96
26,33,87
26,34,96
26,35,100
26,36,8
26,37,8
26,38,62
26,39,91
26,40,65
26,41,59
26,42,31
26,43,73
26,44,19
26,45,55
26,46,38
26,47,99
26,48,72
26,49,51
26,50,56
26,51,57
26,52,53
26,53,47
26,54,2
26,55,73
26,56,77
26,57,4
26,58,97
26,59,16
26,60,16
26,61,58
26,62,64
26,63,97
26,64,84
26,65,8
26,66,46
26,67,68
26,68,12
26,69,36
26,70,55
26,71,3
26,72,28
26,73,17
26,74,49
26,75,52
26,76,1
26,77,39
26,78,82
26,79,6
26,80,77
26,81,8
26,82,76
26,83,44
26,84,61
26,85,28
26,86,21
26,87,91
26,88,67
26,89,29
26,90,69
26,91,94
26,92,32
26,93,84
26,94,12
26,95,48
26,96,19
26,97,94
26,98,40
26,99,70
26,100,21
27,28,32
27,29,35
27,30,75
27,31,71
27,32,41
27,33,22
27,34,23
27,35,20
27,36,42
27,37,35
27,38,19
27,39,7
27,40,20
27,41,25
27,42,57
27,43,56
27,44,28
27,45,29
27,46,44
27,47,67
27,48,42
27,49,91
27,50,54
27,51,95
27,52,74
27,53,20
27,54,55
27,55,45
27,56,67
27,57,77
27,58,51
27,59,57
27,60,52
27,61,2
27,62,32
27,63,58
27,64,22
27,65,58
27,66,48
27,67,74
27,68,12
27,69,18
27,70,59
27,71,54
27,72,98
27,73,96
27,74,1
27,75,29
27,76,78
27,77,15
27,78,1
27,79,86
27,80,96
27,81,11
27,82,14
27,83,47
27,84,87
27,85,75
27,86,93
27,87,80
27,88,98
27,89,41
27,90,92
27,91,33
27,92,1
27,93,23
27,94,71
27,95,91
27,96,19
27,97,17
27,98,13
27,99,12
27,100,93
28,29,62
28,30,44
28,31,55
28,32,88
28,33,18
28,34,96
28,35,55
28,36,28
28,37,78
28,38,21
28,39,78
28,40,41
28,41,70
28,42,81
28,43,41
28,44,43
28,45,72
28,46,52
28,47,66
28,48,36
28,49,2
28,50,47
28,51,32
28,52,49
28,53,31
28,54,69
28,55,78
28,56,73
28,57,78
28,58,67
28,59,10
28,60,67
28,61,29
28,62,9
28,63,35
28,64,97
28,65,54
28,66,60
28,67,5
28,68,53
28,69,41
28,70,14
28,71,41
28,72,51
28,73,27
28,74,93
28,75,43
28,76,60
28,77,45
28,78,84
28,79,99
28,80,20
28,81,33
28,82,99
28,83,47
28,84,90
28,85,83
28,86,64
28,87,80
28,88,73
28,89,100
28,90,62
28,91,57
28,92,38
28,93,47
28,94,77
28,95,67
28,96,48
28,97,81
28,98,59
28,99,46
28,100,92
29,30,32
29,31,33
29,32,86
29,33,8
29,34,26
29,35,74
29,36,21
29,37,41
29,38,54
29,39,80
29,40,69
29,41,37
29,42,90
29,43,86
29,44,33
29,45,79
29,46,97
29,47,18
29,48,37
29,49,72
29,50,22
29,51,27
29,52,16
29,53,38
29,54,75
29,55,16
29,56,61
29,57,48
29,58,45
29,59,21
29,60,72
29,61,100
29,62,24
29,63,31
29,64,1
29,65,58
29,66,22
29,67,9
29,68,60
29,69,90
29,70,67
29,71,78
29,72,17
29,73,13
29,74,15
29,75,3
29,76,82
29,77,67
29,78,3
29,79,91
29,80,24
29,81,19
29,82,97
29,83,50
29,84,82
29,85,59
29,86,42
29,87,34
29,88,77
29,89,22
29,90,10
29,91,82
29,92,94
29,93,98
29,94,100
29,95,51
29,96,20
29,97,93
29,98,5
29,99,33
29,100,5
30,31,49
30,32,18
30,33,34
30,34,25
30,35,39
30,36,77
30,37,64
30,38,79
30,39,98
30,40,12
30,41,69
30,42,5
30,43,1
30,44,79
30,45,29
30,46,77
30,47,77
30,48,10
30,49,55
30,50,44
30,51,31
30,52,85
30,53,37
30,54,58
30,55,67
30,56,23
30,57,89
30,58,21
30,59,30
30,60,12
30,61,88
30,62,86
30,63,94
30,64,57
30,65,74
30,66,7
30,67,76
30,68,78
30,69,10
30,70,46
30,71,45
30,72,28
30,73,10
30,74,13
30,75,25
30,76,95
30,77,54
30,78,69
30,79,81
30,80,99
30,81,27
30,82,62
30,83,1
30,84,40
30,85,33
30,86,93
30,87,50
30,88,99
30,89,21
30,90,100
30,91,74
30,92,55
30,93,99
30,94,41
30,95,9
30,96,55
30,97,34
30,98,89
30,99,67
30,100,53
31,32,40
31,33,91
31,34,82
31,35,53
31,36,94
31,37,63
31,38,55
31,39,96
31,40,72
31,41,48
31,42,31
31,43,79
31,44,85
31,45,17
31,46,76
31,47,54
31,48,81
31,49,8
31,50,50
31,51,31
31,52,76
31,53,65
31,54,51
31,55,82
31,56,66
31,57,15
31,58,65
31,59,63
31,60,59
31,61,58
31,62,65
31,63,39
31,64,81
31,65,21
31,66,30
31,67,95
31,68,32
31,69,8
31,70,71
31,71,34
31,72,38
31,73,23
31,74,99
31,75,8
31,76,60
31,77,15
31,78,42
31,79,4
31,80,4
31,81,18
31,82,7
31,83,69
31,84,81
31,85,83
31,86,32
31,87,32
31,88,95
31,89,60
31,90,27
31,91,51
31,92,81
31,93,86
31,94,97
31,95,69
31,96,40
31,97,25
31,98,55
31,99,67
31,100,30
32,33,91
32,34,12
32,35,3
32,36,95
32,37,16
32,38,39
32,39,73
32,40,16
32,41,45
32,42,32
32,43,54
32,44,65
32,45,94
32,46,1
32,47,58
32,48,97
32,49,88
32,50,15
32,51,91
32,52,49
32,53,80
32,54,9
32,55,30
32,56,17
32,57,84
32,58,61
32,59,25
32,60,73
32,61,58
32,62,51
32,63,12
32,64,46
32,65,34
32,66,27
32,67,62
32,68,76
32,69,90
32,70,46
32,71,87
32,72,18
32,73,80
32,74,96
32,75,47
32,76,48
32,77,50
32,78,48
32,79,28
32,80,8
32,81,58
32,82,59
32,83,10
32,84,34
32,85,66
32,86,21
32,87,48
32,88,64
32,89,44
32,90,5
32,91,32
32,92,78
32,93,6
32,94,6
32,95,15
32,96,3
32,97,73
32,98,94
32,99,16
32,100,60
33,34,5
33,35,47
33,36,30
33,37,55
33,38,1
33,39,8
33,40,80
33,41,86
33,42,5
33,43,53
33,44,2
33,45,27
33,46,45
33,47,61
33,48,77
33,49,95
33,50,7
33,51,23
33,52,52
33,53,30
33,54,21
33,55,10
33,56,48
33,57,40
33,58,38
33,59,40
33,60,19
33,61,44
33,62,38
33,63,3
33,64,26
33,65,13
33,66,92
33,67,84
33,68,49
33,69,98
33,70,60
33,71,78
33,72,82
33,73,12
33,74,73
33,75,51
33,76,70
33,77,58
33,78,100
33,79,90
33,80,54
33,81,14
33,82,11
33,83,54
33,84,34
33,85,61
33,86,81
33,87,93
33,88,11
33,89,93
33,90,33
33,91,69
33,92,8
33,93,49
33,94,35
33,95,36
33,96,16
33,97,12
33,98,68
33,99,93
33,100,3
34,35,31
34,36,41
34,37,81
34,38,44
34,39,90
34,40,74
34,41,79
34,42,48
34,43,15
34,44,95
34,45,53
34,46,19
34,47,98
34,48,18
34,49,1
34,50,82
34,51,85
34,52,100
34,53,66
34,54,85
34,55,40
34,56,61
34,57,69
34,58,71
34,59,99
34,60,61
34,61,95
34,62,20
34,63,11
34,64,53
34,65,99
34,66,38
34,67,91
34,68,65
34,69,10
34,70,36
34,71,2
34,72,48
34,73,42
34,74,46
34,75,88
34,76,48
34,77,9
34,78,4
34,79,87
34,80,49
34,81,73
34,82,78
34,83,43
34,84,3
34,85,28
34,86,55
34,87,59
34,88,37
34,89,37
34,90,67
34,91,25
34,92,29
34,93,77
34,94,31
34,95,74
34,96,39
34,97,56
34,98,43
34,99,82
34,100,88
35,36,90
35,37,49
35,38,67
35,39,8
35,40,52
35,41,56
35,42,60
35,43,14
35,44,69
35,45,27
35,46,2
35,47,92
35,48,91
35,49,5
35,50,97
35,51,90
35,52,73
35,53,50
35,54,24
35,55,38
35,56,15
35,57,16
35,58,89
35,59,29
35,60,1
35,61,67
35,62,27
35,63,26
35,64,40
35,65,49
35,66,2
35,67,95
35,68,69
35,69,36
35,70,60
35,71,52
35,72,50
35,73,53
35,74,82
35,75,83
35,76,82
35,77,44
35,78,87
35,79,96
35,80,45
35,81,36
35,82,42
35,83,13
35,84,72
35,85,19
35,86,69
35,87,77
35,88,58
35,89,44
35,90,79
35,91,96
35,92,31
35,93,70
35,94,40
35,95,51
35,96,50
35,97,52
35,98,21
35,99,1
35,100,57
36,37,54
36,38,42
36,39,20
36,40,14
36,41,32
36,42,61
36,43,51
36,44,6
36,45,95
36,46,35
36,47,47
36,48,66
36,49,70
36,50,11
36,51,6
36,52,82
36,53,66
36,54,34
36,55,47
36,56,3
36,57,19
36,58,68
36,59,47
36,60,74
36,61,16
36,62,95
36,63,58
36,64,22
36,65,21
36,66,89
36,67,78
36,68,11
36,69,26
36,70,60
36,71,15
36,72,25
36,73,32
36,74,37
36,75,16
36,76,75
36,77,92
36,78,41
36,79,95
36,80,60
36,81,17
36,82,39
36,83,40
36,84,54
36,85,82
36,86,88
36,87,9
36,88,19
36,89,6
36,90,38
36,91,28
36,92,82
36,93,64
36,94,48
36,95,17
36,96,69
36,97,98
36,98,76
36,99,46
36,100,12
37,38,89
37,39,76
37,40,44
37,41,4
37,42,29
37,43,100
37,44,46
37,45,3
37,46,56
37,47,11
37,48,43
37,49,44
37,50,25
37,51,53
37,52,81
37,53,45
37,54,7
37,55,35
37,56,11
37,57,4
37,58,13
37,59,82
37,60,41
37,61,46
37,62,8
37,63,51
37,64,36
37,65,53
37,66,91
37,67,67
37,68,61
37,69,31
37,70,70
37,71,20
37,72,90
37,73,52
37,74,42
37,75,84
37,76,3
37,77,47
37,78,26
37,79,12
37,80,45
37,81,21
37,82,76
37,83,30
37,84,14
37,85,58
37,86,84
37,87,64
37,88,72
37,89,69
37,90,91
37,91,17
37,92,30
37,93,50
37,94,97
37,95,33
37,96,21
37,97,16
37,98,27
37,99,94
37,100,88
38,39,20
38,40,83
38,41,15
38,42,47
38,43,58
38,44,15
38,45,87
38,46,1
38,47,50
38,48,74
38,49,42
38,50,61
38,51,5
38,52,27
38,53,20
38,54,24
38,55,40
38,56,60
38,57,13
38,58,89
38,59,18
38,60,87
38,61,97
38,62,92
38,63,47
38,64,45
38,65,61
38,66,43
38,67,35
38,68,100
38,69,52
38,70,88
38,71,93
38,72,96
38,73,98
38,74,68
38,75,70
38,76,14
38,77,32
38,78,22
38,79,33
38,80,35
38,81,69
38,82,32
38,83,50
38,84,76
38,85,63
38,86,55
38,87,29
38,88,95
38,89,1
38,90,3
38,91,2
38,92,45
38,93,32
38,94,43
38,95,19
38,96,48
38,97,89
38,98,18
38,99,86
38,100,16
39,40,35
39,41,49
39,42,21
39,43,36
39,44,85
39,45,29
39,46,29
39,47,57
39,48,80
39,49,63
39,50,94
39,51,25
39,52,62
39,53,27
39,54,38
39,55,14
39,56,31
39,57,10
39,58,53
39,59,29
39,60,25
39,61,68
39,62,34
39,63,28
39,64,74
39,65,18
39,66,73
39,67,38
39,68,34
39,69,72
39,70,70
39,71,30
39,72,16
39,73,100
39,74,74
39,75,53
39,76,8
39,77,76
39,78,77
39,79,17
39,80,91
39,81,61
39,82,18
39,83,8
39,84,72
39,85,36
39,86,57
39,87,76
39,88,34
39,89,96
39,90,51
39,91,16
39,92,11
39,93,43
39,94,14
39,95,2
39,96,79
39,97,42
39,98,52
39,99,44
39,100,23
40,41,27
40,42,79
40,43,74
40,44,47
40,45,57
40,46,35
40,47,75
40,48,33
40,49,26
40,50,48
40,51,89
40,52,78
40,53,66
40,54,3
40,55,13
40,56,45
40,57,66
40,58,92
40,59,61
40,60,96
40,61,40
40,62,81
40,63,79
40,64,61
40,65,70
40,66,55
40,67,27
40,68,44
40,69,78
40,70,80
40,71,43
40,72,10
40,73,82
40,74,99
40,75,22
40,76,86
40,77,13
40,78,17
40,79,44
40,80,50
40,81,29
40,82,75
40,83,16
40,84,27
40,85,76
40,86,63
40,87,29
40,88,56
40,89,83
40,90,48
40,91,6
40,92,12
40,93,100
40,94,33
40,95,87
40,96,10
40,97,43
40,98,26
40,99,67
40,100,71
41,42,49
41,43,87
41,44,15
41,45,65
41,46,68
41,47,54
41,48,84
41,49,43
41,50,49
41,51,77
41,52,23
41,53,37
41,54,5
41,55,95
41,56,63
41,57,39
41,58,59
41,59,20
41,60,61
41,61,88
41,62,42
41,63,83
41,64,29
41,65,55
41,66,76
41,67,88
41,68,14
41,69,16
41,70,70
41,71,58
41,72,81
41,73,81
41,74,57
41,75,78
41,76,33
41,77,23
41,78,50
41,79,29
41,80,45
41,81,38
41,82,19
41,83,29
41,84,68
41,85,31
41,86,26
41,87,84
41,88,80
41,89,82
41,90,1
41,91,42
41,92,31
41,93,27
41,94,97
41,95,54
41,96,37
41,97,82
41,98,72
41,99,94
41,100,47
42,43,14
42,44,94
42,45,14
42,46,27
42,47,59
42,48,45
42,49,65
42,50,88
42,51,28
42,52,67
42,53,58
42,54,97
42,55,66
42,56,77
42,57,27
42,58,90
42,59,99
42,60,69
42,61,19
42,62,65
42,63,26
42,64,97
42,65,93
42,66,6
42,67,69
42,68,24
42,69,5
42,70,76
42,71,97
42,72,44
42,73,5
42,74,18
42,75,60
42,76,28
42,77,95
42,78,24
42,79,46
42,80,92
42,81,38
42,82,75
42,83,62
42,84,48
42,85,47
42,86,4
42,87,5
42,88,9
42,89,21
42,90,1
42,91,69
42,92,54
42,93,8
42,94,2
42,95,31
42,96,15
42,97,87
42,98,5
42,99,28
42,100,28
43,44,35
43,45,5
43,46,76
43,47,62
43,48,67
43,49,59
43,50,53
43,51,37
43,52,73
43,53,2
43,54,71
43,55,99
43,56,61
43,57,26
43,58,48
43,59,87
43,60,93
43,61,90
43,62,17
43,63,79
43,64,84
43,65,47
43,66,82
43,67,28
43,68,57
43,69,84
43,70,75
43,71,33
43,72,70
43,73,53
43,74,4
43,75,91
43,76,46
43,77,96
43,78,1
43,79,85
43,80,21
43,81,42
43,82,18
43,83,58
43,84,71
43,85,95
43,86,83
43,87,56
43,88,7
43,89,87
43,90,74
43,91,56
43,92,20
43,93,93
43,94,15
43,95,73
43,96,85
43,97,6
43,98,1
43,99,58
43,100,41
44,45,28
44,46,31
44,47,29
44,48,6
44,49,61
44,50,23
44,51,33
44,52,82
44,53,1
44,54,84
44,55,14
44,56,7
44,57,39
44,58,7
44,59,10
44,60,72
44,61,92
44,62,95
44,63,91
44,64,49
44,65,20
44,66,24
44,67,40
44,68,49
44,69,44
44,70,72
44,71,1
44,72,22
44,73,65
44,74,17
44,75,56
44,76,75
44,77,43
44,78,42
44,79,70
44,80,19
44,81,54
44,82,16
44,83,49
44,84,24
44,85,25
44,86,44
44,87,70
44,88,10
44,89,6
44,90,35
44,91,48
44,92,56
44,93,30
44,94,47
44,95,89
44,96,9
44,97,71
44,98,62
44,99,4
44,100,55
45,46,40
45,47,79
45,48,41
45,49,15
45,50,94
45,51,57
45,52,79
45,53,71
45,54,59
45,55,65
45,56,10
45,57,12
45,58,64
45,59,76
45,60,3
45,61,46
45,62,80
45,63,18
45,64,21
45,65,41
45,66,53
45,67,26
45,68,81
45,69,77
45,70,26
45,71,47
45,72,77
45,73,86
45,74,52
45,75,48
45,76,84
45,77,75
45,78,94
45,79,57
45,80,49
45,81,94
45,82,74
45,83,56
45,84,14
45,85,89
45,86,29
45,87,70
45,88,1
45,89,78
45,90,87
45,91,9
45,92,26
45,93,78
45,94,84
45,95,27
45,96,18
45,97,56
45,98,63
45,99,83
45,100,99
46,47,29
46,48,8
46,49,81
46,50,41
46,51,27
46,52,44
46,53,65
46,54,98
46,55,85
46,56,67
46,57,73
46,58,37
46,59,49
46,60,100
46,61,93
46,62,41
46,63,22
46,64,45
46,65,99
46,66,14
46,67,73
46,68,95
46,69,72
46,70,69
46,71,82
46,72,30
46,73,17
46,74,49
46,75,82
46,76,89
46,77,39
46,78,52
46,79,53
46,80,21
46,81,21
46,82,72
46,83,40
46,84,72
46,85,44
46,86,88
46,87,92
46,88,20
46,89,44
46,90,64
46,91,13
46,92,60
46,93,67
46,94,34
46,95,14
46,96,62
46,97,38
46,98,19
46,99,83
46,100,45
47,48,79
47,49,85
47,50,23
47,51,31
47,52,15
47,53,12
47,54,85
47,55,41
47,56,53
47,57,59
47,58,98
47,59,79
47,60,34
47,61,9
47,62,4
47,63,40
47,64,23
47,65,33
47,66,59
47,67,23
47,68,54
47,69,88
47,70,64
47,71,3
47,72,14
47,73,85
47,74,29
47,75,8
47,76,2
47,77,19
47,78,50
47,79,52
47,80,90
47,81,74
47,82,50
47,83,18
47,84,47
47,85,82
47,86,34
47,87,96
47,88,4
47,89,92
47,90,23
47,91,34
47,92,54
47,93,100
47,94,85
47,95,46
47,96,47
47,97,86
47,98,28
47,99,25
47,100,67
48,49,17
48,50,48
48,51,2
48,52,46
48,53,48
48,54,1
48,55,64
48,56,16
48,57,67
48,58,85
48,59,66
48,60,52
48,61,30
48,62,9
48,63,21
48,64,51
48,65,8
48,66,78
48,67,71
48,68,19
48,69,48
48,70,9
48,71,96
48,72,19
48,73,44
48,74,78
48,75,76
48,76,24
48,77,40
48,78,49
48,79,38
48,80,11
48,81,43
48,82,8
48,83,49
48,84,34
48,85,11
48,86,12
48,87,7
48,88,19
48,89,73
48,90,14
48,91,2
48,92,50
48,93,35
48,94,89
48,95,65
48,96,66
48,97,39
48,98,45
48,99,35
48,100,64
49,50,65
49,51,91
49,52,61
49,53,91
49,54,29
49,55,41
49,56,69
49,57,54
49,58,30
49,59,27
49,60,78
49,61,51
49,62,73
49,63,52
49,64,30
49,65,6
49,66,51
49,67,70
49,68,13
49,69,30
49,70,74
49,71,97
49,72,6
49,73,95
49,74,52
49,75,43
49,76,85
49,77,95
49,78,69
49,79,74
49,80,97
49,81,48
49,82,20
49,83,49
49,84,40
49,85,14
49,86,83
49,87,80
49,88,50
49,89,9
49,90,51
49,91,19
49,92,52
49,93,62
49,94,11
49,95,92
49,96,3
49,97,95
49,98,11
49,99,85
49,100,96
50,51,60
50,52,59
50,53,28
50,54,22
50,55,68
50,56,83
50,57,84
50,58,7
50,59,28
50,60,3
50,61,35
50,62,73
50,63,74
50,64,93
50,65,70
50,66,41
50,67,63
50,68,75
50,69,65
50,70,40
50,71,100
50,72,32
50,73,14
50,74,88
50,75,69
50,76,70
50,77,73
50,78,8
50,79,86
50,80,91
50,81,17
50,82,59
50,83,97
50,84,61
50,85,1
50,86,73
50,87,32
50,88,1
50,89,97
50,90,43
50,91,67
50,92,51
50,93,22
50,94,16
50,95,55
50,96,82
50,97,10
50,98,54
50,99,66
50,100,71
51,52,12
51,53,85
51,54,29
51,55,72
51,56,63
51,57,27
51,58,80
51,59,60
51,60,69
51,61,35
51,62,6
51,63,42
51,64,94
51,65,77
51,66,9
51,67,21
51,68,51
51,69,58
51,70,55
51,71,31
51,72,97
51,73,67
51,74,57
51,75,88
51,76,97
51,77,96
51,78,93
51,79,9
51,80,25
51,81,71
51,82,73
51,83,25
51,84,29
51,85,23
51,86,95
51,87,30
51,88,81
51,89,23
51,90,54
51,91,70
51,92,5
51,93,33
51,94,29
51,95,88
51,96,96
51,97,74
51,98,37
51,99,55
51,100,78
52,53,10
52,54,49
52,55,65
52,56,20
52,57,46
52,58,19
52,59,55
52,60,66
52,61,14
52,62,57
52,63,90
52,64,80
52,65,22
52,66,92
52,67,38
52,68,92
52,69,17
52,70,21
52,71,37
52,72,75
52,73,76
52,74,83
52,75,23
52,76,78
52,77,49
52,78,14
52,79,69
52,80,29
52,81,46
52,82,29
52,83,55
52,84,63
52,85,12
52,86,35
52,87,90
52,88,47
52,89,81
52,90,10
52,91,38
52,92,41
52,93,87
52,94,39
52,95,53
52,96,67
52,97,29
52,98,84
52,99,5
52,100,93
53,54,99
53,55,78
53,56,57
53,57,6
53,58,81
53,59,70
53,60,97
53,61,79
53,62,36
53,63,95
53,64,96
53,65,78
53,66,58
53,67,37
53,68,49
53,69,55
53,70,29
53,71,74
53,72,54
53,73,32
53,74,6
53,75,5
53,76,90
53,77,73
53,78,100
53,79,73
53,80,62
53,81,95
53,82,52
53,83,91
53,84,39
53,85,12
53,86,13
53,87,66
53,88,55
53,89,64
53,90,7
53,91,53
53,92,35
53,93,26
53,94,28
53,95,74
53,96,51
53,97,60
53,98,88
53,99,8
53,100,50
54,55,90
54,56,31
54,57,84
54,58,19
54,59,94
54,60,100
54,61,34
54,62,95
54,63,51
54,64,74
54,65,96
54,66,94
54,67,61
54,68,33
54,69,42
54,70,78
54,71,26
54,72,23
54,73,73
54,74,84
54,75,19
54,76,39
54,77,78
54,78,36
54,79,42
54,80,90
54,81,30
54,82,72
54,83,81
54,84,33
54,85,66
54,86,90
54,87,12
54,88,6
54,89,72
54,90,76
54,91,72
54,92,10
54,93,26
54,94,80
54,95,51
54,96,46
54,97,60
54,98,36
54,99,74
54,100,3
55,56,25
55,57,68
55,58,90
55,59,31
55,60,19
55,61,4
55,62,17
55,63,34
55,64,71
55,65,46
55,66,49
55,67,75
55,68,44
55,69,90
55,70,95
55,71,6
55,72,65
55,73,75
55,74,34
55,75,92
55,76,45
55,77,80
55,78,13
55,79,62
55,80,9
55,81,83
55,82,7
55,83,14
55,84,94
55,85,27
55,86,27
55,87,13
55,88,79
55,89,57
55,90,45
55,91,100
55,92,35
55,93,49
55,94,14
55,95,99
55,96,49
55,97,31
55,98,93
55,99,83
55,100,56
56,57,66
56,58,22
56,59,54
56,60,8
56,61,64
56,62,66
56,63,16
56,64,15
56,65,73
56,66,1
56,67,24
56,68,92
56,69,68
56,70,19
56,71,32
56,72,81
56,73,11
56,74,84
56,75,54
56,76,66
56,77,44
56,78,15
56,79,96
56,80,21
56,81,34
56,82,68
56,83,26
56,84,61
56,85,81
56,86,34
56,87,21
56,88,39
56,89,66
56,90,35
56,91,23
56,92,94
56,93,29
56,94,33
56,95,79
56,96,85
56,97,35
56,98,82
56,99,86
56,100,58
57,58,65
57,59,10
57,60,78
57,61,22
57,62,31
57,63,81
57,64,56
57,65,29
57,66,78
57,67,96
57,68,70
57,69,25
57,70,86
57,71,9
57,72,97
57,73,10
57,74,5
57,75,79
57,76,66
57,77,25
57,78,63
57,79,52
57,80,21
57,81,39
57,82,82
57,83,76
57,84,16
57,85,36
57,86,31
57,87,62
57,88,91
57,89,71
57,90,84
57,91,46
57,92,94
57,93,29
57,94,41
57,95,9
57,96,46
57,97,84
57,98,54
57,99,33
57,100,74
58,59,69
58,60,41
58,61,31
58,62,43
58,63,29
58,64,92
58,65,99
58,66,92
58,67,25
58,68,96
58,69,35
58,70,50
58,71,77
58,72,82
58,73,81
58,74,85
58,75,92
58,76,21
58,77,64
58,78,16
58,79,41
58,80,80
58,81,74
58,82,38
58,83,95
58,84,7
58,85,88
58,86,2
58,87,54
58,88,25
58,89,33
58,90,14
58,91,33
58,92,46
58,93,90
58,94,66
58,95,63
58,96,59
58,97,62
58,98,50
58,99,37
58,100,18
59,60,85
59,61,6
59,62,69
59,63,8
59,64,35
59,65,79
59,66,64
59,67,74
59,68,45
59,69,69
59,70,14
59,71,8
59,72,53
59,73,22
59,74,12
59,75,91
59,76,5
59,77,3
59,78,30
59,79,34
59,80,44
59,81,75
59,82,22
59,83,25
59,84,47
59,85,7
59,86,57
59,87,74
59,88,73
59,89,60
59,90,82
59,91,52
59,92,39
59,93,39
59,94,51
59,95,18
59,96,77
59,97,51
59,98,52
59,99,97
59,100,20
60,61,43
60,62,90
60,63,30
60,64,32
60,65,49
60,66,100
60,67,14
60,68,54
60,69,1
60,70,1
60,71,1
60,72,16
60,73,39
60,74,52
60,75,57
60,76,57
60,77,29
60,78,73
60,79,57
60,80,99
60,81,7
60,82,70
60,83,27
60,84,52
60,85,66
60,86,65
60,87,78
60,88,22
60,89,98
60,90,29
60,91,16
60,92,73
60,93,29
60,94,69
60,95,41
60,96,82
60,97,23
60,98,28
60,99,98
60,100,65
61,62,82
61,63,52
61,64,72
61,65,12
61,66,97
61,67,38
61,68,70
61,69,44
61,70,74
61,71,43
61,72,81
61,73,47
61,74,16
61,75,89
61,76,52
61,77,69
61,78,74
61,79,43
61,80,46
61,81,69
61,82,81
61,83,37
61,84,39
61,85,33
61,86,18
61,87,23
61,88,45
61,89,63
61,90,46
61,91,99
61,92,40
61,93,22
61,94,91
61,95,87
61,96,82
61,97,25
61,98,50
61,99,65
61,100,24
62,63,51
62,64,65
62,65,9
62,66,49
62,67,84
62,68,33
62,69,72
62,70,34
62,71,9
62,72,85
62,73,60
62,74,55
62,75,79
62,76,30
62,77,21
62,78,15
62,79,7
62,80,9
62,81,99
62,82,8
62,83,1
62,84,84
62,85,7
62,86,41
62,87,39
62,88,19
62,89,16
62,90,16
62,91,23
62,92,57
62,93,57
62,94,34
62,95,90
62,96,6
62,97,13
62,98,92
62,99,48
62,100,87
63,64,57
63,65,95
63,66,84
63,67,53
63,68,28
63,69,34
63,70,82
63,71,2
63,72,51
63,73,38
63,74,87
63,75,18
63,76,22
63,77,55
63,78,60
63,79,62
63,80,73
63,81,82
63,82,66
63,83,66
63,84,20
63,85,7
63,86,95
63,87,35
63,88,3
63,89,74
63,90,55
63,91,50
63,92,49
63,93,33
63,94,81
63,95,64
63,96,65
63,97,49
63,98,72
63,99,58
63,100,81
64,65,29
64,66,4
64,67,6
64,68,12
64,69,48
64,70,18
64,71,60
64,72,19
64,73,41
64,74,71
64,75,72
64,76,45
64,77,54
64,78,50
64,79,26
64,80,55
64,81,15
64,82,29
64,83,97
64,84,94
64,85,3
64,86,49
64,87,33
64,88,24
64,89,29
64,90,43
64,91,53
64,92,6
64,93,83
64,94,53
64,95,38
64,96,53
64,97,86
64,98,57
64,99,35
64,100,36
65,66,3
65,67,3
65,68,8
65,69,74
65,70,75
65,71,26
65,72,37
65,73,39
65,74,70
65,75,18
65,76,36
65,77,5
65,78,100
65,79,34
65,80,49
65,81,91
65,82,96
65,83,85
65,84,91
65,85,15
65,86,48
65,87,88
65,88,45
65,89,7
65,90,16
65,91,10
65,92,18
65,93,68
65,94,43
65,95,72
65,96,24
65,97,76
65,98,42
65,99,86
65,100,61
66,67,65
66,68,3
66,69,91
66,70,37
66,71,54
66,72,84
66,73,24
66,74,99
66,75,86
66,76,13
66,77,74
66,78,58
66,79,77
66,80,71
66,81,1
66,82,14
66,83,72
66,84,61
66,85,80
66,86,73
66,87,34
66,88,87
66,89,61
66,90,63
66,91,95
66,92,79
66,93,10
66,94,92
66,95,48
66,96,82
66,97,43
66,98,44
66,99,24
66,100,62
67,68,93
67,69,56
67,70,19
67,71,65
67,72,19
67,73,84
67,74,28
67,75,55
67,76,3
67,77,68
67,78,62
67,79,34
67,80,6
67,81,42
67,82,28
67,83,8
67,84,29
67,85,57
67,86,38
67,87,48
67,88,13
67,89,81
67,90,7
67,91,35
67,92,78
67,93,52
67,94,94
67,95,24
67,96,34
67,97,51
67,98,43
67,99,84
67,100,98
68,69,59
68,70,53
68,71,92
68,72,36
68,73,44
68,74,39
68,75,46
68,76,25
68,77,1
68,78,49
68,79,77
68,80,79
68,81,40
68,82,30
68,83,1
68,84,63
68,85,46
68,86,10
68,87,96
68,88,54
68,89,40
68,90,47
68,91,86
68,92,100
68,93,5
68,94,31
68,95,16
68,96,93
68,97,42
68,98,79
68,99,43
68,100,98
69,70,79
69,71,91
69,72,45
69,73,13
69,74,28
69,75,77
69,76,3
69,77,82
69,78,63
69,79,21
69,80,41
69,81,85
69,82,80
69,83,56
69,84,36
69,85,27
69,86,96
69,87,70
69,88,99
69,89,56
69,90,40
69,91,30
69,92,53
69,93,35
69,94,95
69,95,6
69,96,41
69,97,92
69,98,97
69,99,97
69,100,7
70,71,73
70,72,37
70,73,41
70,74,32
70,75,86
70,76,7
70,77,23
70,78,38
70,79,29
70,80,36
70,81,3
70,82,19
70,83,31
70,84,17
70,85,78
70,86,77
70,87,30
70,88,24
70,89,91
70,90,51
70,91,39
70,92,21
70,93,27
70,94,17
70,95,50
70,96,34
70,97,25
70,98,60
70,99,39
70,100,93
71,72,79
71,73,36
71,74,68
71,75,29
71,76,14
71,77,90
71,78,69
71,79,47
71,80,75
71,81,60
71,82,90
71,83,58
71,84,92
71,85,45
71,86,44
71,87,22
71,88,68
71,89,86
71,90,2
71,91,27
71,92,64
71,93,23
71,94,41
71,95,13
71,96,62
71,97,75
71,98,13
71,99,49
71,100,51
72,73,56
72,74,82
72,75,1
72,76,47
72,77,76
72,78,82
72,79,61
72,80,30
72,81,43
72,82,98
72,83,60
72,84,95
72,85,40
72,86,57
72,87,100
72,88,68
72,89,39
72,90,6
72,91,79
72,92,66
72,93,79
72,94,35
72,95,50
72,96,12
72,97,63
72,98,66
72,99,30
72,100,31
73,74,35
73,75,79
73,76,83
73,77,96
73,78,94
73,79,1
73,80,42
73,81,86
73,82,74
73,83,12
73,84,26
73,85,4
73,86,100
73,87,76
73,88,8
73,89,50
73,90,68
73,91,39
73,92,84
73,93,13
73,94,52
73,95,62
73,96,49
73,97,36
73,98,54
73,99,13
73,100,80
74,75,56
74,76,97
74,77,76
74,78,84
74,79,55
74,80,50
74,81,26
74,82,6
74,83,49
74,84,32
74,85,66
74,86,54
74,87,65
74,88,75
74,89,51
74,90,96
74,91,45
74,92,99
74,93,63
74,94,63
74,95,70
74,96,85
74,97,74
74,98,80
74,99,84
74,100,5
75,76,20
75,77,4
75,78,15
75,79,86
75,80,44
75,81,75
75,82,2
75,83,51
75,84,65
75,85,3
75,86,55
75,87,20
75,88,12
75,89,61
75,90,50
75,91,40
75,92,67
75,93,77
75,94,25
75,95,32
75,96,33
75,97,66
75,98,43
75,99,32
75,100,29
76,77,33
76,78,18
76,79,43
76,80,83
76,81,13
76,82,17
76,83,87
76,84,74
76,85,32
76,86,37
76,87,33
76,88,22
76,89,37
76,90,68
76,91,60
76,92,36
76,93,11
76,94,15
76,95,96
76,96,28
76,97,2
76,98,15
76,99,5
76,100,19
77,78,75
77,79,99
77,80,84
77,81,30
77,82,25
77,83,46
77,84,2
77,85,83
77,86,45
77,87,96
77,88,53
77,89,8
77,90,34
77,91,2
77,92,93
77,93,61
77,94,90
77,95,32
77,96,87
77,97,54
77,98,88
77,99,66
77,100,42
78,79,19
78,80,83
78,81,95
78,82,20
78,83,4
78,84,97
78,85,5
78,86,35
78,87,19
78,88,25
78,89,8
78,90,50
78,91,8
78,92,30
78,93,19
78,94,24
78,95,4
78,96,37
78,97,60
78,98,59
78,99,46
78,100,31
79,80,49
79,81,11
79,82,30
79,83,20
79,84,99
79,85,86
79,86,85
79,87,49
79,88,56
79,89,47
79,90,78
79,91,77
79,92,27
79,93,28
79,94,88
79,95,54
79,96,43
79,97,38
79,98,83
79,99,93
79,100,4
80,81,36
80,82,67
80,83,61
80,84,34
80,85,33
80,86,39
80,87,27
80,88,2
80,89,27
80,90,48
80,91,58
80,92,88
80,93,17
80,94,24
80,95,55
80,96,52
80,97,3
80,98,13
80,99,86
80,100,2
81,82,69
81,83,36
81,84,18
81,85,76
81,86,25
81,87,37
81,88,75
81,89,89
81,90,19
81,91,70
81,92,67
81,93,5
81,94,88
81,95,12
81,96,7
81,97,98
81,98,51
81,99,73
81,100,24
82,83,87
82,84,42
82,85,14
82,86,65
82,87,83
82,88,78
82,89,6
82,90,32
82,91,44
82,92,91
82,93,6
82,94,48
82,95,13
82,96,96
82,97,76
82,98,14
82,99,89
82,100,68
83,84,1
83,85,79
83,86,58
83,87,33
83,88,58
83,89,73
83,90,94
83,91,71
83,92,51
83,93,18
83,94,95
83,95,78
83,96,99
83,97,73
83,98,58
83,99,7
83,100,49
84,85,24
84,86,83
84,87,58
84,88,48
84,89,30
84,90,85
84,91,44
84,92,72
84,93,88
84,94,12
84,95,100
84,96,34
84,97,73
84,98,26
84,99,48
84,100,22
85,86,35
85,87,49
85,88,4
85,89,85
85,90,57
85,91,49
85,92,88
85,93,31
85,94,83
85,95,74
85,96,85
85,97,8
85,98,67
85,99,3
85,100,32
86,87,3
86,88,16
86,89,33
86,90,90
86,91,50
86,92,40
86,93,24
86,94,24
86,95,18
86,96,57
86,97,17
86,98,23
86,99,41
86,100,52
87,88,73
87,89,92
87,90,60
87,91,36
87,92,68
87,93,68
87,94,56
87,95,80
87,96,48
87,97,95
87,98,30
87,99,41
87,100,97
88,89,30
88,90,7
88,91,10
88,92,58
88,93,94
88,94,8
88,95,44
88,96,58
88,97,80
88,98,68
88,99,67
88,100,66
89,90,78
89,91,37
89,92,78
89,93,10
89,94,17
89,95,62
89,96,4
89,97,6
89,98,78
89,99,6
89,100,90
90,91,100
90,92,4
90,93,93
90,94,27
90,95,68
90,96,55
90,97,69
90,98,12
90,99,18
90,100,79
91,92,77
91,93,88
91,94,45
91,95,92
91,96,24
91,97,45
91,98,90
91,99,30
91,100,67
92,93,90
92,94,91
92,95,28
92,96,39
92,97,33
92,98,59
92,99,97
92,100,98
93,94,91
93,95,35
93,96,61
93,97,65
93,98,64
93,99,68
93,100,53
94,95,81
94,96,88
94,97,77
94,98,41
94,99,31
94,100,78
95,96,83
95,97,46
95,98,25
95,99,90
95,100,53
96,97,91
96,98,16
96,99,85
96,100,69
97,98,77
97,99,8
97,100,81
98,99,74
98,100,65
99,100,2
start:2
end:97